Pivoting
interchanging row 0 with row 1
[[  2.   4.]
 [ 10. 100.]]
[ 26. 530.]
Pivoting
interchanging row 0 with row 1
[[  2.   4.]
 [ 10. 100.]]
[ 26. 530.]
new pivot is: 10.0
multiplier10
[[ 10. 100.]
 [  0. -16.]]
[530. -80.]
new pivot is: -16.0
Pivoting
interchanging row 0 with row 1
[[  2.   4.]
 [ 10. 100.]]
[ 26. 530.]
[[ 10. 100.]
 [  2.   4.]]
[530.  26.]
new pivot is: 10.0
multiplier10
[[ 10. 100.]
 [  0. -16.]]
[530. -80.]
[[ 10. 100.]
 [  0. -16.]]
[530. -80.]
new pivot is: -16.0
[[ 10. 100.]
 [  0. -16.]]
[530. -80.]
[[2. 1. 1. 1. 1.]
 [1. 2. 1. 1. 1.]
 [1. 1. 2. 1. 1.]
 [1. 1. 1. 2. 1.]
 [1. 1. 1. 1. 2.]]
[4. 5. 6. 7. 8.]
[[2. 1. 1. 1. 1.]
 [1. 2. 1. 1. 1.]
 [1. 1. 2. 1. 1.]
 [1. 1. 1. 2. 1.]
 [1. 1. 1. 1. 2.]]
[4. 5. 6. 7. 8.]
new pivot is: 2.0
multiplier10
[[2.  1.  1.  1.  1. ]
 [0.  1.5 0.5 0.5 0.5]
 [1.  1.  2.  1.  1. ]
 [1.  1.  1.  2.  1. ]
 [1.  1.  1.  1.  2. ]]
[4. 3. 6. 7. 8.]
multiplier20
[[2.  1.  1.  1.  1. ]
 [0.  1.5 0.5 0.5 0.5]
 [0.  0.5 1.5 0.5 0.5]
 [1.  1.  1.  2.  1. ]
 [1.  1.  1.  1.  2. ]]
[4. 3. 4. 7. 8.]
multiplier30
[[2.  1.  1.  1.  1. ]
 [0.  1.5 0.5 0.5 0.5]
 [0.  0.5 1.5 0.5 0.5]
 [0.  0.5 0.5 1.5 0.5]
 [1.  1.  1.  1.  2. ]]
[4. 3. 4. 5. 8.]
multiplier40
[[2.  1.  1.  1.  1. ]
 [0.  1.5 0.5 0.5 0.5]
 [0.  0.5 1.5 0.5 0.5]
 [0.  0.5 0.5 1.5 0.5]
 [0.  0.5 0.5 0.5 1.5]]
[4. 3. 4. 5. 6.]
[[2.  1.  1.  1.  1. ]
 [0.  1.5 0.5 0.5 0.5]
 [0.  0.5 1.5 0.5 0.5]
 [0.  0.5 0.5 1.5 0.5]
 [0.  0.5 0.5 0.5 1.5]]
[4. 3. 4. 5. 6.]
new pivot is: 1.5
multiplier21
[[2.    1.    1.    1.    1.   ]
 [0.    1.5   0.5   0.5   0.5  ]
 [0.    0.005 1.3   0.33  0.33 ]
 [0.    0.5   0.5   1.5   0.5  ]
 [0.    0.5   0.5   0.5   1.5  ]]
[4. 3. 3. 5. 6.]
multiplier31
[[2.    1.    1.    1.    1.   ]
 [0.    1.5   0.5   0.5   0.5  ]
 [0.    0.005 1.3   0.33  0.33 ]
 [0.    0.005 0.33  1.3   0.33 ]
 [0.    0.5   0.5   0.5   1.5  ]]
[4. 3. 3. 4. 6.]
multiplier41
[[2.    1.    1.    1.    1.   ]
 [0.    1.5   0.5   0.5   0.5  ]
 [0.    0.005 1.3   0.33  0.33 ]
 [0.    0.005 0.33  1.3   0.33 ]
 [0.    0.005 0.33  0.33  1.3  ]]
[4. 3. 3. 4. 5.]
[[2.    1.    1.    1.    1.   ]
 [0.    1.5   0.5   0.5   0.5  ]
 [0.    0.005 1.3   0.33  0.33 ]
 [0.    0.005 0.33  1.3   0.33 ]
 [0.    0.005 0.33  0.33  1.3  ]]
[4. 3. 3. 4. 5.]
new pivot is: 1.3
multiplier32
[[2.    1.    1.    1.    1.   ]
 [0.    1.5   0.5   0.5   0.5  ]
 [0.    0.005 1.3   0.33  0.33 ]
 [0.    0.005 0.005 1.2   0.25 ]
 [0.    0.005 0.33  0.33  1.3  ]]
[4.  3.  3.  3.2 5. ]
multiplier42
[[2.    1.    1.    1.    1.   ]
 [0.    1.5   0.5   0.5   0.5  ]
 [0.    0.005 1.3   0.33  0.33 ]
 [0.    0.005 0.005 1.2   0.25 ]
 [0.    0.005 0.005 0.25  1.2  ]]
[4.  3.  3.  3.2 4.2]
[[2.    1.    1.    1.    1.   ]
 [0.    1.5   0.5   0.5   0.5  ]
 [0.    0.005 1.3   0.33  0.33 ]
 [0.    0.005 0.005 1.2   0.25 ]
 [0.    0.005 0.005 0.25  1.2  ]]
[4.  3.  3.  3.2 4.2]
new pivot is: 1.2
multiplier43
[[ 2.     1.     1.     1.     1.   ]
 [ 0.     1.5    0.5    0.5    0.5  ]
 [ 0.     0.005  1.3    0.33   0.33 ]
 [ 0.     0.005  0.005  1.2    0.25 ]
 [ 0.     0.005  0.005 -0.002  1.1  ]]
[4.  3.  3.  3.2 3.5]
[[ 2.     1.     1.     1.     1.   ]
 [ 0.     1.5    0.5    0.5    0.5  ]
 [ 0.     0.005  1.3    0.33   0.33 ]
 [ 0.     0.005  0.005  1.2    0.25 ]
 [ 0.     0.005  0.005 -0.002  1.1  ]]
[4.  3.  3.  3.2 3.5]
new pivot is: 1.1
[[ 2.     1.     1.     1.     1.   ]
 [ 0.     1.5    0.5    0.5    0.5  ]
 [ 0.     0.005  1.3    0.33   0.33 ]
 [ 0.     0.005  0.005  1.2    0.25 ]
 [ 0.     0.005  0.005 -0.002  1.1  ]]
[4.  3.  3.  3.2 3.5]
[[2. 1. 1. 1. 1.]
 [1. 2. 1. 1. 1.]
 [1. 1. 2. 1. 1.]
 [1. 1. 1. 2. 1.]
 [1. 1. 1. 1. 2.]]
[4. 5. 6. 7. 8.]
[[2. 1. 1. 1. 1.]
 [1. 2. 1. 1. 1.]
 [1. 1. 2. 1. 1.]
 [1. 1. 1. 2. 1.]
 [1. 1. 1. 1. 2.]]
[4. 5. 6. 7. 8.]
new pivot is: 2.0
multiplier10
[[2.  1.  1.  1.  1. ]
 [0.  1.5 0.5 0.5 0.5]
 [1.  1.  2.  1.  1. ]
 [1.  1.  1.  2.  1. ]
 [1.  1.  1.  1.  2. ]]
[4. 3. 6. 7. 8.]
multiplier20
[[2.  1.  1.  1.  1. ]
 [0.  1.5 0.5 0.5 0.5]
 [0.  0.5 1.5 0.5 0.5]
 [1.  1.  1.  2.  1. ]
 [1.  1.  1.  1.  2. ]]
[4. 3. 4. 7. 8.]
multiplier30
[[2.  1.  1.  1.  1. ]
 [0.  1.5 0.5 0.5 0.5]
 [0.  0.5 1.5 0.5 0.5]
 [0.  0.5 0.5 1.5 0.5]
 [1.  1.  1.  1.  2. ]]
[4. 3. 4. 5. 8.]
multiplier40
[[2.  1.  1.  1.  1. ]
 [0.  1.5 0.5 0.5 0.5]
 [0.  0.5 1.5 0.5 0.5]
 [0.  0.5 0.5 1.5 0.5]
 [0.  0.5 0.5 0.5 1.5]]
[4. 3. 4. 5. 6.]
[[2.  1.  1.  1.  1. ]
 [0.  1.5 0.5 0.5 0.5]
 [0.  0.5 1.5 0.5 0.5]
 [0.  0.5 0.5 1.5 0.5]
 [0.  0.5 0.5 0.5 1.5]]
[4. 3. 4. 5. 6.]
new pivot is: 1.5
multiplier21
[[2.         1.         1.         1.         1.        ]
 [0.         1.5        0.5        0.5        0.5       ]
 [0.         0.         1.33333333 0.33333333 0.33333333]
 [0.         0.5        0.5        1.5        0.5       ]
 [0.         0.5        0.5        0.5        1.5       ]]
[4. 3. 3. 5. 6.]
multiplier31
[[2.         1.         1.         1.         1.        ]
 [0.         1.5        0.5        0.5        0.5       ]
 [0.         0.         1.33333333 0.33333333 0.33333333]
 [0.         0.         0.33333333 1.33333333 0.33333333]
 [0.         0.5        0.5        0.5        1.5       ]]
[4. 3. 3. 4. 6.]
multiplier41
[[2.         1.         1.         1.         1.        ]
 [0.         1.5        0.5        0.5        0.5       ]
 [0.         0.         1.33333333 0.33333333 0.33333333]
 [0.         0.         0.33333333 1.33333333 0.33333333]
 [0.         0.         0.33333333 0.33333333 1.33333333]]
[4. 3. 3. 4. 5.]
[[2.         1.         1.         1.         1.        ]
 [0.         1.5        0.5        0.5        0.5       ]
 [0.         0.         1.33333333 0.33333333 0.33333333]
 [0.         0.         0.33333333 1.33333333 0.33333333]
 [0.         0.         0.33333333 0.33333333 1.33333333]]
[4. 3. 3. 4. 5.]
new pivot is: 1.3333333333333333
multiplier32
[[2.         1.         1.         1.         1.        ]
 [0.         1.5        0.5        0.5        0.5       ]
 [0.         0.         1.33333333 0.33333333 0.33333333]
 [0.         0.         0.         1.25       0.25      ]
 [0.         0.         0.33333333 0.33333333 1.33333333]]
[4.   3.   3.   3.25 5.  ]
multiplier42
[[2.         1.         1.         1.         1.        ]
 [0.         1.5        0.5        0.5        0.5       ]
 [0.         0.         1.33333333 0.33333333 0.33333333]
 [0.         0.         0.         1.25       0.25      ]
 [0.         0.         0.         0.25       1.25      ]]
[4.   3.   3.   3.25 4.25]
[[2.         1.         1.         1.         1.        ]
 [0.         1.5        0.5        0.5        0.5       ]
 [0.         0.         1.33333333 0.33333333 0.33333333]
 [0.         0.         0.         1.25       0.25      ]
 [0.         0.         0.         0.25       1.25      ]]
[4.   3.   3.   3.25 4.25]
new pivot is: 1.25
multiplier43
[[2.         1.         1.         1.         1.        ]
 [0.         1.5        0.5        0.5        0.5       ]
 [0.         0.         1.33333333 0.33333333 0.33333333]
 [0.         0.         0.         1.25       0.25      ]
 [0.         0.         0.         0.         1.2       ]]
[4.   3.   3.   3.25 3.6 ]
[[2.         1.         1.         1.         1.        ]
 [0.         1.5        0.5        0.5        0.5       ]
 [0.         0.         1.33333333 0.33333333 0.33333333]
 [0.         0.         0.         1.25       0.25      ]
 [0.         0.         0.         0.         1.2       ]]
[4.   3.   3.   3.25 3.6 ]
new pivot is: 1.2
[[2.         1.         1.         1.         1.        ]
 [0.         1.5        0.5        0.5        0.5       ]
 [0.         0.         1.33333333 0.33333333 0.33333333]
 [0.         0.         0.         1.25       0.25      ]
 [0.         0.         0.         0.         1.2       ]]
[4.   3.   3.   3.25 3.6 ]
[[2. 1. 1. 1. 1.]
 [1. 2. 1. 1. 1.]
 [1. 1. 2. 1. 1.]
 [1. 1. 1. 2. 1.]
 [1. 1. 1. 1. 2.]]
[4. 5. 6. 7. 8.]
[[2. 1. 1. 1. 1.]
 [1. 2. 1. 1. 1.]
 [1. 1. 2. 1. 1.]
 [1. 1. 1. 2. 1.]
 [1. 1. 1. 1. 2.]]
[4. 5. 6. 7. 8.]
new pivot is: 2.0
multiplier10
[[2.  1.  1.  1.  1. ]
 [0.  1.5 0.5 0.5 0.5]
 [1.  1.  2.  1.  1. ]
 [1.  1.  1.  2.  1. ]
 [1.  1.  1.  1.  2. ]]
[4. 3. 6. 7. 8.]
multiplier20
[[2.  1.  1.  1.  1. ]
 [0.  1.5 0.5 0.5 0.5]
 [0.  0.5 1.5 0.5 0.5]
 [1.  1.  1.  2.  1. ]
 [1.  1.  1.  1.  2. ]]
[4. 3. 4. 7. 8.]
multiplier30
[[2.  1.  1.  1.  1. ]
 [0.  1.5 0.5 0.5 0.5]
 [0.  0.5 1.5 0.5 0.5]
 [0.  0.5 0.5 1.5 0.5]
 [1.  1.  1.  1.  2. ]]
[4. 3. 4. 5. 8.]
multiplier40
[[2.  1.  1.  1.  1. ]
 [0.  1.5 0.5 0.5 0.5]
 [0.  0.5 1.5 0.5 0.5]
 [0.  0.5 0.5 1.5 0.5]
 [0.  0.5 0.5 0.5 1.5]]
[4. 3. 4. 5. 6.]
[[2.  1.  1.  1.  1. ]
 [0.  1.5 0.5 0.5 0.5]
 [0.  0.5 1.5 0.5 0.5]
 [0.  0.5 0.5 1.5 0.5]
 [0.  0.5 0.5 0.5 1.5]]
[4. 3. 4. 5. 6.]
new pivot is: 1.5
multiplier21
[[2.         1.         1.         1.         1.        ]
 [0.         1.5        0.5        0.5        0.5       ]
 [0.         0.         1.33333333 0.33333333 0.33333333]
 [0.         0.5        0.5        1.5        0.5       ]
 [0.         0.5        0.5        0.5        1.5       ]]
[4. 3. 3. 5. 6.]
multiplier31
[[2.         1.         1.         1.         1.        ]
 [0.         1.5        0.5        0.5        0.5       ]
 [0.         0.         1.33333333 0.33333333 0.33333333]
 [0.         0.         0.33333333 1.33333333 0.33333333]
 [0.         0.5        0.5        0.5        1.5       ]]
[4. 3. 3. 4. 6.]
multiplier41
[[2.         1.         1.         1.         1.        ]
 [0.         1.5        0.5        0.5        0.5       ]
 [0.         0.         1.33333333 0.33333333 0.33333333]
 [0.         0.         0.33333333 1.33333333 0.33333333]
 [0.         0.         0.33333333 0.33333333 1.33333333]]
[4. 3. 3. 4. 5.]
[[2.         1.         1.         1.         1.        ]
 [0.         1.5        0.5        0.5        0.5       ]
 [0.         0.         1.33333333 0.33333333 0.33333333]
 [0.         0.         0.33333333 1.33333333 0.33333333]
 [0.         0.         0.33333333 0.33333333 1.33333333]]
[4. 3. 3. 4. 5.]
new pivot is: 1.3333333333333333
multiplier32
[[2.         1.         1.         1.         1.        ]
 [0.         1.5        0.5        0.5        0.5       ]
 [0.         0.         1.33333333 0.33333333 0.33333333]
 [0.         0.         0.         1.25       0.25      ]
 [0.         0.         0.33333333 0.33333333 1.33333333]]
[4.   3.   3.   3.25 5.  ]
multiplier42
[[2.         1.         1.         1.         1.        ]
 [0.         1.5        0.5        0.5        0.5       ]
 [0.         0.         1.33333333 0.33333333 0.33333333]
 [0.         0.         0.         1.25       0.25      ]
 [0.         0.         0.         0.25       1.25      ]]
[4.   3.   3.   3.25 4.25]
[[2.         1.         1.         1.         1.        ]
 [0.         1.5        0.5        0.5        0.5       ]
 [0.         0.         1.33333333 0.33333333 0.33333333]
 [0.         0.         0.         1.25       0.25      ]
 [0.         0.         0.         0.25       1.25      ]]
[4.   3.   3.   3.25 4.25]
new pivot is: 1.25
multiplier43
[[2.         1.         1.         1.         1.        ]
 [0.         1.5        0.5        0.5        0.5       ]
 [0.         0.         1.33333333 0.33333333 0.33333333]
 [0.         0.         0.         1.25       0.25      ]
 [0.         0.         0.         0.         1.2       ]]
[4.   3.   3.   3.25 3.6 ]
[[2.         1.         1.         1.         1.        ]
 [0.         1.5        0.5        0.5        0.5       ]
 [0.         0.         1.33333333 0.33333333 0.33333333]
 [0.         0.         0.         1.25       0.25      ]
 [0.         0.         0.         0.         1.2       ]]
[4.   3.   3.   3.25 3.6 ]
new pivot is: 1.2
[[2.         1.         1.         1.         1.        ]
 [0.         1.5        0.5        0.5        0.5       ]
 [0.         0.         1.33333333 0.33333333 0.33333333]
 [0.         0.         0.         1.25       0.25      ]
 [0.         0.         0.         0.         1.2       ]]
[4.   3.   3.   3.25 3.6 ]
[[2. 1. 1. 1.]
 [1. 2. 1. 1.]
 [1. 1. 2. 1.]
 [1. 1. 1. 2.]]
[4. 5. 6. 7.]
[[2. 1. 1. 1.]
 [1. 2. 1. 1.]
 [1. 1. 2. 1.]
 [1. 1. 1. 2.]]
[4. 5. 6. 7.]
new pivot is: 2.0
multiplier10
[[2.  1.  1.  1. ]
 [0.  1.5 0.5 0.5]
 [1.  1.  2.  1. ]
 [1.  1.  1.  2. ]]
[4. 3. 6. 7.]
multiplier20
[[2.  1.  1.  1. ]
 [0.  1.5 0.5 0.5]
 [0.  0.5 1.5 0.5]
 [1.  1.  1.  2. ]]
[4. 3. 4. 7.]
multiplier30
[[2.  1.  1.  1. ]
 [0.  1.5 0.5 0.5]
 [0.  0.5 1.5 0.5]
 [0.  0.5 0.5 1.5]]
[4. 3. 4. 5.]
[[2.  1.  1.  1. ]
 [0.  1.5 0.5 0.5]
 [0.  0.5 1.5 0.5]
 [0.  0.5 0.5 1.5]]
[4. 3. 4. 5.]
new pivot is: 1.5
multiplier21
[[2.         1.         1.         1.        ]
 [0.         1.5        0.5        0.5       ]
 [0.         0.         1.33333333 0.33333333]
 [0.         0.5        0.5        1.5       ]]
[4. 3. 3. 5.]
multiplier31
[[2.         1.         1.         1.        ]
 [0.         1.5        0.5        0.5       ]
 [0.         0.         1.33333333 0.33333333]
 [0.         0.         0.33333333 1.33333333]]
[4. 3. 3. 4.]
[[2.         1.         1.         1.        ]
 [0.         1.5        0.5        0.5       ]
 [0.         0.         1.33333333 0.33333333]
 [0.         0.         0.33333333 1.33333333]]
[4. 3. 3. 4.]
new pivot is: 1.3333333333333333
multiplier32
[[2.         1.         1.         1.        ]
 [0.         1.5        0.5        0.5       ]
 [0.         0.         1.33333333 0.33333333]
 [0.         0.         0.         1.25      ]]
[4.   3.   3.   3.25]
[[2.         1.         1.         1.        ]
 [0.         1.5        0.5        0.5       ]
 [0.         0.         1.33333333 0.33333333]
 [0.         0.         0.         1.25      ]]
[4.   3.   3.   3.25]
new pivot is: 1.25
[[2.         1.         1.         1.        ]
 [0.         1.5        0.5        0.5       ]
 [0.         0.         1.33333333 0.33333333]
 [0.         0.         0.         1.25      ]]
[4.   3.   3.   3.25]
[[2. 1. 1. 1.]
 [1. 2. 1. 1.]
 [1. 1. 2. 1.]
 [1. 1. 1. 2.]]
[4. 5. 6. 7.]
[[2. 1. 1. 1.]
 [1. 2. 1. 1.]
 [1. 1. 2. 1.]
 [1. 1. 1. 2.]]
[4. 5. 6. 7.]
new pivot is: 2.0
multiplier10
[[2.  1.  1.  1. ]
 [0.  1.5 0.5 0.5]
 [1.  1.  2.  1. ]
 [1.  1.  1.  2. ]]
[4. 3. 6. 7.]
multiplier20
[[2.  1.  1.  1. ]
 [0.  1.5 0.5 0.5]
 [0.  0.5 1.5 0.5]
 [1.  1.  1.  2. ]]
[4. 3. 4. 7.]
multiplier30
[[2.  1.  1.  1. ]
 [0.  1.5 0.5 0.5]
 [0.  0.5 1.5 0.5]
 [0.  0.5 0.5 1.5]]
[4. 3. 4. 5.]
[[2.  1.  1.  1. ]
 [0.  1.5 0.5 0.5]
 [0.  0.5 1.5 0.5]
 [0.  0.5 0.5 1.5]]
[4. 3. 4. 5.]
new pivot is: 1.5
multiplier21
[[2.000e+00 1.000e+00 1.000e+00 1.000e+00]
 [0.000e+00 1.500e+00 5.000e-01 5.000e-01]
 [0.000e+00 5.000e-05 1.333e+00 3.334e-01]
 [0.000e+00 5.000e-01 5.000e-01 1.500e+00]]
[4. 3. 3. 5.]
multiplier31
[[2.000e+00 1.000e+00 1.000e+00 1.000e+00]
 [0.000e+00 1.500e+00 5.000e-01 5.000e-01]
 [0.000e+00 5.000e-05 1.333e+00 3.334e-01]
 [0.000e+00 5.000e-05 3.334e-01 1.333e+00]]
[4. 3. 3. 4.]
[[2.000e+00 1.000e+00 1.000e+00 1.000e+00]
 [0.000e+00 1.500e+00 5.000e-01 5.000e-01]
 [0.000e+00 5.000e-05 1.333e+00 3.334e-01]
 [0.000e+00 5.000e-05 3.334e-01 1.333e+00]]
[4. 3. 3. 4.]
new pivot is: 1.333
multiplier32
[[2.000e+00 1.000e+00 1.000e+00 1.000e+00]
 [0.000e+00 1.500e+00 5.000e-01 5.000e-01]
 [0.000e+00 5.000e-05 1.333e+00 3.334e-01]
 [0.000e+00 5.000e-05 1.670e-05 1.250e+00]]
[4.   3.   3.   3.25]
[[2.000e+00 1.000e+00 1.000e+00 1.000e+00]
 [0.000e+00 1.500e+00 5.000e-01 5.000e-01]
 [0.000e+00 5.000e-05 1.333e+00 3.334e-01]
 [0.000e+00 5.000e-05 1.670e-05 1.250e+00]]
[4.   3.   3.   3.25]
new pivot is: 1.25
[[2.000e+00 1.000e+00 1.000e+00 1.000e+00]
 [0.000e+00 1.500e+00 5.000e-01 5.000e-01]
 [0.000e+00 5.000e-05 1.333e+00 3.334e-01]
 [0.000e+00 5.000e-05 1.670e-05 1.250e+00]]
[4.   3.   3.   3.25]
[[2. 1. 1. 1. 1.]
 [1. 2. 1. 1. 1.]
 [1. 1. 2. 1. 1.]
 [1. 1. 1. 2. 1.]
 [1. 1. 1. 1. 2.]]
[4. 5. 6. 7. 8.]
[[2. 1. 1. 1. 1.]
 [1. 2. 1. 1. 1.]
 [1. 1. 2. 1. 1.]
 [1. 1. 1. 2. 1.]
 [1. 1. 1. 1. 2.]]
[4. 5. 6. 7. 8.]
new pivot is: 2.0
multiplier10
[[2.  1.  1.  1.  1. ]
 [0.  1.5 0.5 0.5 0.5]
 [1.  1.  2.  1.  1. ]
 [1.  1.  1.  2.  1. ]
 [1.  1.  1.  1.  2. ]]
[4. 3. 6. 7. 8.]
multiplier20
[[2.  1.  1.  1.  1. ]
 [0.  1.5 0.5 0.5 0.5]
 [0.  0.5 1.5 0.5 0.5]
 [1.  1.  1.  2.  1. ]
 [1.  1.  1.  1.  2. ]]
[4. 3. 4. 7. 8.]
multiplier30
[[2.  1.  1.  1.  1. ]
 [0.  1.5 0.5 0.5 0.5]
 [0.  0.5 1.5 0.5 0.5]
 [0.  0.5 0.5 1.5 0.5]
 [1.  1.  1.  1.  2. ]]
[4. 3. 4. 5. 8.]
multiplier40
[[2.  1.  1.  1.  1. ]
 [0.  1.5 0.5 0.5 0.5]
 [0.  0.5 1.5 0.5 0.5]
 [0.  0.5 0.5 1.5 0.5]
 [0.  0.5 0.5 0.5 1.5]]
[4. 3. 4. 5. 6.]
[[2.  1.  1.  1.  1. ]
 [0.  1.5 0.5 0.5 0.5]
 [0.  0.5 1.5 0.5 0.5]
 [0.  0.5 0.5 1.5 0.5]
 [0.  0.5 0.5 0.5 1.5]]
[4. 3. 4. 5. 6.]
new pivot is: 1.5
multiplier21
[[2.000e+00 1.000e+00 1.000e+00 1.000e+00 1.000e+00]
 [0.000e+00 1.500e+00 5.000e-01 5.000e-01 5.000e-01]
 [0.000e+00 5.000e-05 1.333e+00 3.334e-01 3.334e-01]
 [0.000e+00 5.000e-01 5.000e-01 1.500e+00 5.000e-01]
 [0.000e+00 5.000e-01 5.000e-01 5.000e-01 1.500e+00]]
[4. 3. 3. 5. 6.]
multiplier31
[[2.000e+00 1.000e+00 1.000e+00 1.000e+00 1.000e+00]
 [0.000e+00 1.500e+00 5.000e-01 5.000e-01 5.000e-01]
 [0.000e+00 5.000e-05 1.333e+00 3.334e-01 3.334e-01]
 [0.000e+00 5.000e-05 3.334e-01 1.333e+00 3.334e-01]
 [0.000e+00 5.000e-01 5.000e-01 5.000e-01 1.500e+00]]
[4. 3. 3. 4. 6.]
multiplier41
[[2.000e+00 1.000e+00 1.000e+00 1.000e+00 1.000e+00]
 [0.000e+00 1.500e+00 5.000e-01 5.000e-01 5.000e-01]
 [0.000e+00 5.000e-05 1.333e+00 3.334e-01 3.334e-01]
 [0.000e+00 5.000e-05 3.334e-01 1.333e+00 3.334e-01]
 [0.000e+00 5.000e-05 3.334e-01 3.334e-01 1.333e+00]]
[4. 3. 3. 4. 5.]
[[2.000e+00 1.000e+00 1.000e+00 1.000e+00 1.000e+00]
 [0.000e+00 1.500e+00 5.000e-01 5.000e-01 5.000e-01]
 [0.000e+00 5.000e-05 1.333e+00 3.334e-01 3.334e-01]
 [0.000e+00 5.000e-05 3.334e-01 1.333e+00 3.334e-01]
 [0.000e+00 5.000e-05 3.334e-01 3.334e-01 1.333e+00]]
[4. 3. 3. 4. 5.]
new pivot is: 1.333
multiplier32
[[2.000e+00 1.000e+00 1.000e+00 1.000e+00 1.000e+00]
 [0.000e+00 1.500e+00 5.000e-01 5.000e-01 5.000e-01]
 [0.000e+00 5.000e-05 1.333e+00 3.334e-01 3.334e-01]
 [0.000e+00 5.000e-05 1.670e-05 1.250e+00 2.500e-01]
 [0.000e+00 5.000e-05 3.334e-01 3.334e-01 1.333e+00]]
[4.   3.   3.   3.25 5.  ]
multiplier42
[[2.000e+00 1.000e+00 1.000e+00 1.000e+00 1.000e+00]
 [0.000e+00 1.500e+00 5.000e-01 5.000e-01 5.000e-01]
 [0.000e+00 5.000e-05 1.333e+00 3.334e-01 3.334e-01]
 [0.000e+00 5.000e-05 1.670e-05 1.250e+00 2.500e-01]
 [0.000e+00 5.000e-05 1.670e-05 2.500e-01 1.250e+00]]
[4.   3.   3.   3.25 4.25]
[[2.000e+00 1.000e+00 1.000e+00 1.000e+00 1.000e+00]
 [0.000e+00 1.500e+00 5.000e-01 5.000e-01 5.000e-01]
 [0.000e+00 5.000e-05 1.333e+00 3.334e-01 3.334e-01]
 [0.000e+00 5.000e-05 1.670e-05 1.250e+00 2.500e-01]
 [0.000e+00 5.000e-05 1.670e-05 2.500e-01 1.250e+00]]
[4.   3.   3.   3.25 4.25]
new pivot is: 1.25
multiplier43
[[2.000e+00 1.000e+00 1.000e+00 1.000e+00 1.000e+00]
 [0.000e+00 1.500e+00 5.000e-01 5.000e-01 5.000e-01]
 [0.000e+00 5.000e-05 1.333e+00 3.334e-01 3.334e-01]
 [0.000e+00 5.000e-05 1.670e-05 1.250e+00 2.500e-01]
 [0.000e+00 5.000e-05 1.670e-05 0.000e+00 1.200e+00]]
[4.   3.   3.   3.25 3.6 ]
[[2.000e+00 1.000e+00 1.000e+00 1.000e+00 1.000e+00]
 [0.000e+00 1.500e+00 5.000e-01 5.000e-01 5.000e-01]
 [0.000e+00 5.000e-05 1.333e+00 3.334e-01 3.334e-01]
 [0.000e+00 5.000e-05 1.670e-05 1.250e+00 2.500e-01]
 [0.000e+00 5.000e-05 1.670e-05 0.000e+00 1.200e+00]]
[4.   3.   3.   3.25 3.6 ]
new pivot is: 1.2
[[2.000e+00 1.000e+00 1.000e+00 1.000e+00 1.000e+00]
 [0.000e+00 1.500e+00 5.000e-01 5.000e-01 5.000e-01]
 [0.000e+00 5.000e-05 1.333e+00 3.334e-01 3.334e-01]
 [0.000e+00 5.000e-05 1.670e-05 1.250e+00 2.500e-01]
 [0.000e+00 5.000e-05 1.670e-05 0.000e+00 1.200e+00]]
[4.   3.   3.   3.25 3.6 ]
Pivoting
interchanging row 0 with row 1
[[1.e+00 1.e+00]
 [2.e+00 1.e+05]]
[2.e+00 1.e+05]
[[2.e+00 1.e+05]
 [1.e+00 1.e+00]]
[1.e+05 2.e+00]
new pivot is: 2.0
multiplier10
[[ 2.e+00  1.e+05]
 [ 0.e+00 -5.e+04]]
[100000. -50000.]
[[ 2.e+00  1.e+05]
 [ 0.e+00 -5.e+04]]
[100000. -50000.]
new pivot is: -50000.0
[[ 2.e+00  1.e+05]
 [ 0.e+00 -5.e+04]]
[100000. -50000.]
Pivoting
interchanging row 0 with row 1
[[1.e+00 1.e+00]
 [2.e+00 1.e+05]]
[2.e+00 1.e+05]
[[2.e+00 1.e+05]
 [1.e+00 1.e+00]]
[1.e+05 2.e+00]
new pivot is: 2.0
multiplier10
[[ 2.e+00  1.e+05]
 [ 0.e+00 -5.e+04]]
[100000. -50000.]
[[ 2.e+00  1.e+05]
 [ 0.e+00 -5.e+04]]
[100000. -50000.]
new pivot is: -50000.0
[[ 2.e+00  1.e+05]
 [ 0.e+00 -5.e+04]]
[100000. -50000.]
