Pivoting
interchanging row 0 with row 1
[[  2.   4.]
 [ 10. 100.]]
[ 26. 530.]
Pivoting
interchanging row 0 with row 1
[[  2.   4.]
 [ 10. 100.]]
[ 26. 530.]
new pivot is: 10.0
multiplier10
[[ 10. 100.]
 [  0. -16.]]
[530. -80.]
new pivot is: -16.0
Pivoting
interchanging row 0 with row 1
[[  2.   4.]
 [ 10. 100.]]
[ 26. 530.]
[[ 10. 100.]
 [  2.   4.]]
[530.  26.]
new pivot is: 10.0
multiplier10
[[ 10. 100.]
 [  0. -16.]]
[530. -80.]
[[ 10. 100.]
 [  0. -16.]]
[530. -80.]
new pivot is: -16.0
[[ 10. 100.]
 [  0. -16.]]
[530. -80.]
[[2. 1. 1. 1. 1.]
 [1. 2. 1. 1. 1.]
 [1. 1. 2. 1. 1.]
 [1. 1. 1. 2. 1.]
 [1. 1. 1. 1. 2.]]
[4. 5. 6. 7. 8.]
[[2. 1. 1. 1. 1.]
 [1. 2. 1. 1. 1.]
 [1. 1. 2. 1. 1.]
 [1. 1. 1. 2. 1.]
 [1. 1. 1. 1. 2.]]
[4. 5. 6. 7. 8.]
new pivot is: 2.0
multiplier10
[[2.  1.  1.  1.  1. ]
 [0.  1.5 0.5 0.5 0.5]
 [1.  1.  2.  1.  1. ]
 [1.  1.  1.  2.  1. ]
 [1.  1.  1.  1.  2. ]]
[4. 3. 6. 7. 8.]
multiplier20
[[2.  1.  1.  1.  1. ]
 [0.  1.5 0.5 0.5 0.5]
 [0.  0.5 1.5 0.5 0.5]
 [1.  1.  1.  2.  1. ]
 [1.  1.  1.  1.  2. ]]
[4. 3. 4. 7. 8.]
multiplier30
[[2.  1.  1.  1.  1. ]
 [0.  1.5 0.5 0.5 0.5]
 [0.  0.5 1.5 0.5 0.5]
 [0.  0.5 0.5 1.5 0.5]
 [1.  1.  1.  1.  2. ]]
[4. 3. 4. 5. 8.]
multiplier40
[[2.  1.  1.  1.  1. ]
 [0.  1.5 0.5 0.5 0.5]
 [0.  0.5 1.5 0.5 0.5]
 [0.  0.5 0.5 1.5 0.5]
 [0.  0.5 0.5 0.5 1.5]]
[4. 3. 4. 5. 6.]
[[2.  1.  1.  1.  1. ]
 [0.  1.5 0.5 0.5 0.5]
 [0.  0.5 1.5 0.5 0.5]
 [0.  0.5 0.5 1.5 0.5]
 [0.  0.5 0.5 0.5 1.5]]
[4. 3. 4. 5. 6.]
new pivot is: 1.5
multiplier21
[[2.    1.    1.    1.    1.   ]
 [0.    1.5   0.5   0.5   0.5  ]
 [0.    0.005 1.3   0.33  0.33 ]
 [0.    0.5   0.5   1.5   0.5  ]
 [0.    0.5   0.5   0.5   1.5  ]]
[4. 3. 3. 5. 6.]
multiplier31
[[2.    1.    1.    1.    1.   ]
 [0.    1.5   0.5   0.5   0.5  ]
 [0.    0.005 1.3   0.33  0.33 ]
 [0.    0.005 0.33  1.3   0.33 ]
 [0.    0.5   0.5   0.5   1.5  ]]
[4. 3. 3. 4. 6.]
multiplier41
[[2.    1.    1.    1.    1.   ]
 [0.    1.5   0.5   0.5   0.5  ]
 [0.    0.005 1.3   0.33  0.33 ]
 [0.    0.005 0.33  1.3   0.33 ]
 [0.    0.005 0.33  0.33  1.3  ]]
[4. 3. 3. 4. 5.]
[[2.    1.    1.    1.    1.   ]
 [0.    1.5   0.5   0.5   0.5  ]
 [0.    0.005 1.3   0.33  0.33 ]
 [0.    0.005 0.33  1.3   0.33 ]
 [0.    0.005 0.33  0.33  1.3  ]]
[4. 3. 3. 4. 5.]
new pivot is: 1.3
multiplier32
[[2.    1.    1.    1.    1.   ]
 [0.    1.5   0.5   0.5   0.5  ]
 [0.    0.005 1.3   0.33  0.33 ]
 [0.    0.005 0.005 1.2   0.25 ]
 [0.    0.005 0.33  0.33  1.3  ]]
[4.  3.  3.  3.2 5. ]
multiplier42
[[2.    1.    1.    1.    1.   ]
 [0.    1.5   0.5   0.5   0.5  ]
 [0.    0.005 1.3   0.33  0.33 ]
 [0.    0.005 0.005 1.2   0.25 ]
 [0.    0.005 0.005 0.25  1.2  ]]
[4.  3.  3.  3.2 4.2]
[[2.    1.    1.    1.    1.   ]
 [0.    1.5   0.5   0.5   0.5  ]
 [0.    0.005 1.3   0.33  0.33 ]
 [0.    0.005 0.005 1.2   0.25 ]
 [0.    0.005 0.005 0.25  1.2  ]]
[4.  3.  3.  3.2 4.2]
new pivot is: 1.2
multiplier43
[[ 2.     1.     1.     1.     1.   ]
 [ 0.     1.5    0.5    0.5    0.5  ]
 [ 0.     0.005  1.3    0.33   0.33 ]
 [ 0.     0.005  0.005  1.2    0.25 ]
 [ 0.     0.005  0.005 -0.002  1.1  ]]
[4.  3.  3.  3.2 3.5]
[[ 2.     1.     1.     1.     1.   ]
 [ 0.     1.5    0.5    0.5    0.5  ]
 [ 0.     0.005  1.3    0.33   0.33 ]
 [ 0.     0.005  0.005  1.2    0.25 ]
 [ 0.     0.005  0.005 -0.002  1.1  ]]
[4.  3.  3.  3.2 3.5]
new pivot is: 1.1
[[ 2.     1.     1.     1.     1.   ]
 [ 0.     1.5    0.5    0.5    0.5  ]
 [ 0.     0.005  1.3    0.33   0.33 ]
 [ 0.     0.005  0.005  1.2    0.25 ]
 [ 0.     0.005  0.005 -0.002  1.1  ]]
[4.  3.  3.  3.2 3.5]
[[2. 1. 1. 1. 1.]
 [1. 2. 1. 1. 1.]
 [1. 1. 2. 1. 1.]
 [1. 1. 1. 2. 1.]
 [1. 1. 1. 1. 2.]]
[4. 5. 6. 7. 8.]
[[2. 1. 1. 1. 1.]
 [1. 2. 1. 1. 1.]
 [1. 1. 2. 1. 1.]
 [1. 1. 1. 2. 1.]
 [1. 1. 1. 1. 2.]]
[4. 5. 6. 7. 8.]
new pivot is: 2.0
multiplier10
[[2.  1.  1.  1.  1. ]
 [0.  1.5 0.5 0.5 0.5]
 [1.  1.  2.  1.  1. ]
 [1.  1.  1.  2.  1. ]
 [1.  1.  1.  1.  2. ]]
[4. 3. 6. 7. 8.]
multiplier20
[[2.  1.  1.  1.  1. ]
 [0.  1.5 0.5 0.5 0.5]
 [0.  0.5 1.5 0.5 0.5]
 [1.  1.  1.  2.  1. ]
 [1.  1.  1.  1.  2. ]]
[4. 3. 4. 7. 8.]
multiplier30
[[2.  1.  1.  1.  1. ]
 [0.  1.5 0.5 0.5 0.5]
 [0.  0.5 1.5 0.5 0.5]
 [0.  0.5 0.5 1.5 0.5]
 [1.  1.  1.  1.  2. ]]
[4. 3. 4. 5. 8.]
multiplier40
[[2.  1.  1.  1.  1. ]
 [0.  1.5 0.5 0.5 0.5]
 [0.  0.5 1.5 0.5 0.5]
 [0.  0.5 0.5 1.5 0.5]
 [0.  0.5 0.5 0.5 1.5]]
[4. 3. 4. 5. 6.]
[[2.  1.  1.  1.  1. ]
 [0.  1.5 0.5 0.5 0.5]
 [0.  0.5 1.5 0.5 0.5]
 [0.  0.5 0.5 1.5 0.5]
 [0.  0.5 0.5 0.5 1.5]]
[4. 3. 4. 5. 6.]
new pivot is: 1.5
multiplier21
[[2.         1.         1.         1.         1.        ]
 [0.         1.5        0.5        0.5        0.5       ]
 [0.         0.         1.33333333 0.33333333 0.33333333]
 [0.         0.5        0.5        1.5        0.5       ]
 [0.         0.5        0.5        0.5        1.5       ]]
[4. 3. 3. 5. 6.]
multiplier31
[[2.         1.         1.         1.         1.        ]
 [0.         1.5        0.5        0.5        0.5       ]
 [0.         0.         1.33333333 0.33333333 0.33333333]
 [0.         0.         0.33333333 1.33333333 0.33333333]
 [0.         0.5        0.5        0.5        1.5       ]]
[4. 3. 3. 4. 6.]
multiplier41
[[2.         1.         1.         1.         1.        ]
 [0.         1.5        0.5        0.5        0.5       ]
 [0.         0.         1.33333333 0.33333333 0.33333333]
 [0.         0.         0.33333333 1.33333333 0.33333333]
 [0.         0.         0.33333333 0.33333333 1.33333333]]
[4. 3. 3. 4. 5.]
[[2.         1.         1.         1.         1.        ]
 [0.         1.5        0.5        0.5        0.5       ]
 [0.         0.         1.33333333 0.33333333 0.33333333]
 [0.         0.         0.33333333 1.33333333 0.33333333]
 [0.         0.         0.33333333 0.33333333 1.33333333]]
[4. 3. 3. 4. 5.]
new pivot is: 1.3333333333333333
multiplier32
[[2.         1.         1.         1.         1.        ]
 [0.         1.5        0.5        0.5        0.5       ]
 [0.         0.         1.33333333 0.33333333 0.33333333]
 [0.         0.         0.         1.25       0.25      ]
 [0.         0.         0.33333333 0.33333333 1.33333333]]
[4.   3.   3.   3.25 5.  ]
multiplier42
[[2.         1.         1.         1.         1.        ]
 [0.         1.5        0.5        0.5        0.5       ]
 [0.         0.         1.33333333 0.33333333 0.33333333]
 [0.         0.         0.         1.25       0.25      ]
 [0.         0.         0.         0.25       1.25      ]]
[4.   3.   3.   3.25 4.25]
[[2.         1.         1.         1.         1.        ]
 [0.         1.5        0.5        0.5        0.5       ]
 [0.         0.         1.33333333 0.33333333 0.33333333]
 [0.         0.         0.         1.25       0.25      ]
 [0.         0.         0.         0.25       1.25      ]]
[4.   3.   3.   3.25 4.25]
new pivot is: 1.25
multiplier43
[[2.         1.         1.         1.         1.        ]
 [0.         1.5        0.5        0.5        0.5       ]
 [0.         0.         1.33333333 0.33333333 0.33333333]
 [0.         0.         0.         1.25       0.25      ]
 [0.         0.         0.         0.         1.2       ]]
[4.   3.   3.   3.25 3.6 ]
[[2.         1.         1.         1.         1.        ]
 [0.         1.5        0.5        0.5        0.5       ]
 [0.         0.         1.33333333 0.33333333 0.33333333]
 [0.         0.         0.         1.25       0.25      ]
 [0.         0.         0.         0.         1.2       ]]
[4.   3.   3.   3.25 3.6 ]
new pivot is: 1.2
[[2.         1.         1.         1.         1.        ]
 [0.         1.5        0.5        0.5        0.5       ]
 [0.         0.         1.33333333 0.33333333 0.33333333]
 [0.         0.         0.         1.25       0.25      ]
 [0.         0.         0.         0.         1.2       ]]
[4.   3.   3.   3.25 3.6 ]
[[2. 1. 1. 1. 1.]
 [1. 2. 1. 1. 1.]
 [1. 1. 2. 1. 1.]
 [1. 1. 1. 2. 1.]
 [1. 1. 1. 1. 2.]]
[4. 5. 6. 7. 8.]
[[2. 1. 1. 1. 1.]
 [1. 2. 1. 1. 1.]
 [1. 1. 2. 1. 1.]
 [1. 1. 1. 2. 1.]
 [1. 1. 1. 1. 2.]]
[4. 5. 6. 7. 8.]
new pivot is: 2.0
multiplier10
[[2.  1.  1.  1.  1. ]
 [0.  1.5 0.5 0.5 0.5]
 [1.  1.  2.  1.  1. ]
 [1.  1.  1.  2.  1. ]
 [1.  1.  1.  1.  2. ]]
[4. 3. 6. 7. 8.]
multiplier20
[[2.  1.  1.  1.  1. ]
 [0.  1.5 0.5 0.5 0.5]
 [0.  0.5 1.5 0.5 0.5]
 [1.  1.  1.  2.  1. ]
 [1.  1.  1.  1.  2. ]]
[4. 3. 4. 7. 8.]
multiplier30
[[2.  1.  1.  1.  1. ]
 [0.  1.5 0.5 0.5 0.5]
 [0.  0.5 1.5 0.5 0.5]
 [0.  0.5 0.5 1.5 0.5]
 [1.  1.  1.  1.  2. ]]
[4. 3. 4. 5. 8.]
multiplier40
[[2.  1.  1.  1.  1. ]
 [0.  1.5 0.5 0.5 0.5]
 [0.  0.5 1.5 0.5 0.5]
 [0.  0.5 0.5 1.5 0.5]
 [0.  0.5 0.5 0.5 1.5]]
[4. 3. 4. 5. 6.]
[[2.  1.  1.  1.  1. ]
 [0.  1.5 0.5 0.5 0.5]
 [0.  0.5 1.5 0.5 0.5]
 [0.  0.5 0.5 1.5 0.5]
 [0.  0.5 0.5 0.5 1.5]]
[4. 3. 4. 5. 6.]
new pivot is: 1.5
multiplier21
[[2.         1.         1.         1.         1.        ]
 [0.         1.5        0.5        0.5        0.5       ]
 [0.         0.         1.33333333 0.33333333 0.33333333]
 [0.         0.5        0.5        1.5        0.5       ]
 [0.         0.5        0.5        0.5        1.5       ]]
[4. 3. 3. 5. 6.]
multiplier31
[[2.         1.         1.         1.         1.        ]
 [0.         1.5        0.5        0.5        0.5       ]
 [0.         0.         1.33333333 0.33333333 0.33333333]
 [0.         0.         0.33333333 1.33333333 0.33333333]
 [0.         0.5        0.5        0.5        1.5       ]]
[4. 3. 3. 4. 6.]
multiplier41
[[2.         1.         1.         1.         1.        ]
 [0.         1.5        0.5        0.5        0.5       ]
 [0.         0.         1.33333333 0.33333333 0.33333333]
 [0.         0.         0.33333333 1.33333333 0.33333333]
 [0.         0.         0.33333333 0.33333333 1.33333333]]
[4. 3. 3. 4. 5.]
[[2.         1.         1.         1.         1.        ]
 [0.         1.5        0.5        0.5        0.5       ]
 [0.         0.         1.33333333 0.33333333 0.33333333]
 [0.         0.         0.33333333 1.33333333 0.33333333]
 [0.         0.         0.33333333 0.33333333 1.33333333]]
[4. 3. 3. 4. 5.]
new pivot is: 1.3333333333333333
multiplier32
[[2.         1.         1.         1.         1.        ]
 [0.         1.5        0.5        0.5        0.5       ]
 [0.         0.         1.33333333 0.33333333 0.33333333]
 [0.         0.         0.         1.25       0.25      ]
 [0.         0.         0.33333333 0.33333333 1.33333333]]
[4.   3.   3.   3.25 5.  ]
multiplier42
[[2.         1.         1.         1.         1.        ]
 [0.         1.5        0.5        0.5        0.5       ]
 [0.         0.         1.33333333 0.33333333 0.33333333]
 [0.         0.         0.         1.25       0.25      ]
 [0.         0.         0.         0.25       1.25      ]]
[4.   3.   3.   3.25 4.25]
[[2.         1.         1.         1.         1.        ]
 [0.         1.5        0.5        0.5        0.5       ]
 [0.         0.         1.33333333 0.33333333 0.33333333]
 [0.         0.         0.         1.25       0.25      ]
 [0.         0.         0.         0.25       1.25      ]]
[4.   3.   3.   3.25 4.25]
new pivot is: 1.25
multiplier43
[[2.         1.         1.         1.         1.        ]
 [0.         1.5        0.5        0.5        0.5       ]
 [0.         0.         1.33333333 0.33333333 0.33333333]
 [0.         0.         0.         1.25       0.25      ]
 [0.         0.         0.         0.         1.2       ]]
[4.   3.   3.   3.25 3.6 ]
[[2.         1.         1.         1.         1.        ]
 [0.         1.5        0.5        0.5        0.5       ]
 [0.         0.         1.33333333 0.33333333 0.33333333]
 [0.         0.         0.         1.25       0.25      ]
 [0.         0.         0.         0.         1.2       ]]
[4.   3.   3.   3.25 3.6 ]
new pivot is: 1.2
[[2.         1.         1.         1.         1.        ]
 [0.         1.5        0.5        0.5        0.5       ]
 [0.         0.         1.33333333 0.33333333 0.33333333]
 [0.         0.         0.         1.25       0.25      ]
 [0.         0.         0.         0.         1.2       ]]
[4.   3.   3.   3.25 3.6 ]
[[2. 1. 1. 1.]
 [1. 2. 1. 1.]
 [1. 1. 2. 1.]
 [1. 1. 1. 2.]]
[4. 5. 6. 7.]
[[2. 1. 1. 1.]
 [1. 2. 1. 1.]
 [1. 1. 2. 1.]
 [1. 1. 1. 2.]]
[4. 5. 6. 7.]
new pivot is: 2.0
multiplier10
[[2.  1.  1.  1. ]
 [0.  1.5 0.5 0.5]
 [1.  1.  2.  1. ]
 [1.  1.  1.  2. ]]
[4. 3. 6. 7.]
multiplier20
[[2.  1.  1.  1. ]
 [0.  1.5 0.5 0.5]
 [0.  0.5 1.5 0.5]
 [1.  1.  1.  2. ]]
[4. 3. 4. 7.]
multiplier30
[[2.  1.  1.  1. ]
 [0.  1.5 0.5 0.5]
 [0.  0.5 1.5 0.5]
 [0.  0.5 0.5 1.5]]
[4. 3. 4. 5.]
[[2.  1.  1.  1. ]
 [0.  1.5 0.5 0.5]
 [0.  0.5 1.5 0.5]
 [0.  0.5 0.5 1.5]]
[4. 3. 4. 5.]
new pivot is: 1.5
multiplier21
[[2.         1.         1.         1.        ]
 [0.         1.5        0.5        0.5       ]
 [0.         0.         1.33333333 0.33333333]
 [0.         0.5        0.5        1.5       ]]
[4. 3. 3. 5.]
multiplier31
[[2.         1.         1.         1.        ]
 [0.         1.5        0.5        0.5       ]
 [0.         0.         1.33333333 0.33333333]
 [0.         0.         0.33333333 1.33333333]]
[4. 3. 3. 4.]
[[2.         1.         1.         1.        ]
 [0.         1.5        0.5        0.5       ]
 [0.         0.         1.33333333 0.33333333]
 [0.         0.         0.33333333 1.33333333]]
[4. 3. 3. 4.]
new pivot is: 1.3333333333333333
multiplier32
[[2.         1.         1.         1.        ]
 [0.         1.5        0.5        0.5       ]
 [0.         0.         1.33333333 0.33333333]
 [0.         0.         0.         1.25      ]]
[4.   3.   3.   3.25]
[[2.         1.         1.         1.        ]
 [0.         1.5        0.5        0.5       ]
 [0.         0.         1.33333333 0.33333333]
 [0.         0.         0.         1.25      ]]
[4.   3.   3.   3.25]
new pivot is: 1.25
[[2.         1.         1.         1.        ]
 [0.         1.5        0.5        0.5       ]
 [0.         0.         1.33333333 0.33333333]
 [0.         0.         0.         1.25      ]]
[4.   3.   3.   3.25]
[[2. 1. 1. 1.]
 [1. 2. 1. 1.]
 [1. 1. 2. 1.]
 [1. 1. 1. 2.]]
[4. 5. 6. 7.]
[[2. 1. 1. 1.]
 [1. 2. 1. 1.]
 [1. 1. 2. 1.]
 [1. 1. 1. 2.]]
[4. 5. 6. 7.]
new pivot is: 2.0
multiplier10
[[2.  1.  1.  1. ]
 [0.  1.5 0.5 0.5]
 [1.  1.  2.  1. ]
 [1.  1.  1.  2. ]]
[4. 3. 6. 7.]
multiplier20
[[2.  1.  1.  1. ]
 [0.  1.5 0.5 0.5]
 [0.  0.5 1.5 0.5]
 [1.  1.  1.  2. ]]
[4. 3. 4. 7.]
multiplier30
[[2.  1.  1.  1. ]
 [0.  1.5 0.5 0.5]
 [0.  0.5 1.5 0.5]
 [0.  0.5 0.5 1.5]]
[4. 3. 4. 5.]
[[2.  1.  1.  1. ]
 [0.  1.5 0.5 0.5]
 [0.  0.5 1.5 0.5]
 [0.  0.5 0.5 1.5]]
[4. 3. 4. 5.]
new pivot is: 1.5
multiplier21
[[2.000e+00 1.000e+00 1.000e+00 1.000e+00]
 [0.000e+00 1.500e+00 5.000e-01 5.000e-01]
 [0.000e+00 5.000e-05 1.333e+00 3.334e-01]
 [0.000e+00 5.000e-01 5.000e-01 1.500e+00]]
[4. 3. 3. 5.]
multiplier31
[[2.000e+00 1.000e+00 1.000e+00 1.000e+00]
 [0.000e+00 1.500e+00 5.000e-01 5.000e-01]
 [0.000e+00 5.000e-05 1.333e+00 3.334e-01]
 [0.000e+00 5.000e-05 3.334e-01 1.333e+00]]
[4. 3. 3. 4.]
[[2.000e+00 1.000e+00 1.000e+00 1.000e+00]
 [0.000e+00 1.500e+00 5.000e-01 5.000e-01]
 [0.000e+00 5.000e-05 1.333e+00 3.334e-01]
 [0.000e+00 5.000e-05 3.334e-01 1.333e+00]]
[4. 3. 3. 4.]
new pivot is: 1.333
multiplier32
[[2.000e+00 1.000e+00 1.000e+00 1.000e+00]
 [0.000e+00 1.500e+00 5.000e-01 5.000e-01]
 [0.000e+00 5.000e-05 1.333e+00 3.334e-01]
 [0.000e+00 5.000e-05 1.670e-05 1.250e+00]]
[4.   3.   3.   3.25]
[[2.000e+00 1.000e+00 1.000e+00 1.000e+00]
 [0.000e+00 1.500e+00 5.000e-01 5.000e-01]
 [0.000e+00 5.000e-05 1.333e+00 3.334e-01]
 [0.000e+00 5.000e-05 1.670e-05 1.250e+00]]
[4.   3.   3.   3.25]
new pivot is: 1.25
[[2.000e+00 1.000e+00 1.000e+00 1.000e+00]
 [0.000e+00 1.500e+00 5.000e-01 5.000e-01]
 [0.000e+00 5.000e-05 1.333e+00 3.334e-01]
 [0.000e+00 5.000e-05 1.670e-05 1.250e+00]]
[4.   3.   3.   3.25]
[[2. 1. 1. 1. 1.]
 [1. 2. 1. 1. 1.]
 [1. 1. 2. 1. 1.]
 [1. 1. 1. 2. 1.]
 [1. 1. 1. 1. 2.]]
[4. 5. 6. 7. 8.]
[[2. 1. 1. 1. 1.]
 [1. 2. 1. 1. 1.]
 [1. 1. 2. 1. 1.]
 [1. 1. 1. 2. 1.]
 [1. 1. 1. 1. 2.]]
[4. 5. 6. 7. 8.]
new pivot is: 2.0
multiplier10
[[2.  1.  1.  1.  1. ]
 [0.  1.5 0.5 0.5 0.5]
 [1.  1.  2.  1.  1. ]
 [1.  1.  1.  2.  1. ]
 [1.  1.  1.  1.  2. ]]
[4. 3. 6. 7. 8.]
multiplier20
[[2.  1.  1.  1.  1. ]
 [0.  1.5 0.5 0.5 0.5]
 [0.  0.5 1.5 0.5 0.5]
 [1.  1.  1.  2.  1. ]
 [1.  1.  1.  1.  2. ]]
[4. 3. 4. 7. 8.]
multiplier30
[[2.  1.  1.  1.  1. ]
 [0.  1.5 0.5 0.5 0.5]
 [0.  0.5 1.5 0.5 0.5]
 [0.  0.5 0.5 1.5 0.5]
 [1.  1.  1.  1.  2. ]]
[4. 3. 4. 5. 8.]
multiplier40
[[2.  1.  1.  1.  1. ]
 [0.  1.5 0.5 0.5 0.5]
 [0.  0.5 1.5 0.5 0.5]
 [0.  0.5 0.5 1.5 0.5]
 [0.  0.5 0.5 0.5 1.5]]
[4. 3. 4. 5. 6.]
[[2.  1.  1.  1.  1. ]
 [0.  1.5 0.5 0.5 0.5]
 [0.  0.5 1.5 0.5 0.5]
 [0.  0.5 0.5 1.5 0.5]
 [0.  0.5 0.5 0.5 1.5]]
[4. 3. 4. 5. 6.]
new pivot is: 1.5
multiplier21
[[2.000e+00 1.000e+00 1.000e+00 1.000e+00 1.000e+00]
 [0.000e+00 1.500e+00 5.000e-01 5.000e-01 5.000e-01]
 [0.000e+00 5.000e-05 1.333e+00 3.334e-01 3.334e-01]
 [0.000e+00 5.000e-01 5.000e-01 1.500e+00 5.000e-01]
 [0.000e+00 5.000e-01 5.000e-01 5.000e-01 1.500e+00]]
[4. 3. 3. 5. 6.]
multiplier31
[[2.000e+00 1.000e+00 1.000e+00 1.000e+00 1.000e+00]
 [0.000e+00 1.500e+00 5.000e-01 5.000e-01 5.000e-01]
 [0.000e+00 5.000e-05 1.333e+00 3.334e-01 3.334e-01]
 [0.000e+00 5.000e-05 3.334e-01 1.333e+00 3.334e-01]
 [0.000e+00 5.000e-01 5.000e-01 5.000e-01 1.500e+00]]
[4. 3. 3. 4. 6.]
multiplier41
[[2.000e+00 1.000e+00 1.000e+00 1.000e+00 1.000e+00]
 [0.000e+00 1.500e+00 5.000e-01 5.000e-01 5.000e-01]
 [0.000e+00 5.000e-05 1.333e+00 3.334e-01 3.334e-01]
 [0.000e+00 5.000e-05 3.334e-01 1.333e+00 3.334e-01]
 [0.000e+00 5.000e-05 3.334e-01 3.334e-01 1.333e+00]]
[4. 3. 3. 4. 5.]
[[2.000e+00 1.000e+00 1.000e+00 1.000e+00 1.000e+00]
 [0.000e+00 1.500e+00 5.000e-01 5.000e-01 5.000e-01]
 [0.000e+00 5.000e-05 1.333e+00 3.334e-01 3.334e-01]
 [0.000e+00 5.000e-05 3.334e-01 1.333e+00 3.334e-01]
 [0.000e+00 5.000e-05 3.334e-01 3.334e-01 1.333e+00]]
[4. 3. 3. 4. 5.]
new pivot is: 1.333
multiplier32
[[2.000e+00 1.000e+00 1.000e+00 1.000e+00 1.000e+00]
 [0.000e+00 1.500e+00 5.000e-01 5.000e-01 5.000e-01]
 [0.000e+00 5.000e-05 1.333e+00 3.334e-01 3.334e-01]
 [0.000e+00 5.000e-05 1.670e-05 1.250e+00 2.500e-01]
 [0.000e+00 5.000e-05 3.334e-01 3.334e-01 1.333e+00]]
[4.   3.   3.   3.25 5.  ]
multiplier42
[[2.000e+00 1.000e+00 1.000e+00 1.000e+00 1.000e+00]
 [0.000e+00 1.500e+00 5.000e-01 5.000e-01 5.000e-01]
 [0.000e+00 5.000e-05 1.333e+00 3.334e-01 3.334e-01]
 [0.000e+00 5.000e-05 1.670e-05 1.250e+00 2.500e-01]
 [0.000e+00 5.000e-05 1.670e-05 2.500e-01 1.250e+00]]
[4.   3.   3.   3.25 4.25]
[[2.000e+00 1.000e+00 1.000e+00 1.000e+00 1.000e+00]
 [0.000e+00 1.500e+00 5.000e-01 5.000e-01 5.000e-01]
 [0.000e+00 5.000e-05 1.333e+00 3.334e-01 3.334e-01]
 [0.000e+00 5.000e-05 1.670e-05 1.250e+00 2.500e-01]
 [0.000e+00 5.000e-05 1.670e-05 2.500e-01 1.250e+00]]
[4.   3.   3.   3.25 4.25]
new pivot is: 1.25
multiplier43
[[2.000e+00 1.000e+00 1.000e+00 1.000e+00 1.000e+00]
 [0.000e+00 1.500e+00 5.000e-01 5.000e-01 5.000e-01]
 [0.000e+00 5.000e-05 1.333e+00 3.334e-01 3.334e-01]
 [0.000e+00 5.000e-05 1.670e-05 1.250e+00 2.500e-01]
 [0.000e+00 5.000e-05 1.670e-05 0.000e+00 1.200e+00]]
[4.   3.   3.   3.25 3.6 ]
[[2.000e+00 1.000e+00 1.000e+00 1.000e+00 1.000e+00]
 [0.000e+00 1.500e+00 5.000e-01 5.000e-01 5.000e-01]
 [0.000e+00 5.000e-05 1.333e+00 3.334e-01 3.334e-01]
 [0.000e+00 5.000e-05 1.670e-05 1.250e+00 2.500e-01]
 [0.000e+00 5.000e-05 1.670e-05 0.000e+00 1.200e+00]]
[4.   3.   3.   3.25 3.6 ]
new pivot is: 1.2
[[2.000e+00 1.000e+00 1.000e+00 1.000e+00 1.000e+00]
 [0.000e+00 1.500e+00 5.000e-01 5.000e-01 5.000e-01]
 [0.000e+00 5.000e-05 1.333e+00 3.334e-01 3.334e-01]
 [0.000e+00 5.000e-05 1.670e-05 1.250e+00 2.500e-01]
 [0.000e+00 5.000e-05 1.670e-05 0.000e+00 1.200e+00]]
[4.   3.   3.   3.25 3.6 ]
Pivoting
interchanging row 0 with row 1
[[1.e+00 1.e+00]
 [2.e+00 1.e+05]]
[2.e+00 1.e+05]
[[2.e+00 1.e+05]
 [1.e+00 1.e+00]]
[1.e+05 2.e+00]
new pivot is: 2.0
multiplier10
[[ 2.e+00  1.e+05]
 [ 0.e+00 -5.e+04]]
[100000. -50000.]
[[ 2.e+00  1.e+05]
 [ 0.e+00 -5.e+04]]
[100000. -50000.]
new pivot is: -50000.0
[[ 2.e+00  1.e+05]
 [ 0.e+00 -5.e+04]]
[100000. -50000.]
Pivoting
interchanging row 0 with row 1
[[1.e+00 1.e+00]
 [2.e+00 1.e+05]]
[2.e+00 1.e+05]
[[2.e+00 1.e+05]
 [1.e+00 1.e+00]]
[1.e+05 2.e+00]
new pivot is: 2.0
multiplier10
[[ 2.e+00  1.e+05]
 [ 0.e+00 -5.e+04]]
[100000. -50000.]
[[ 2.e+00  1.e+05]
 [ 0.e+00 -5.e+04]]
[100000. -50000.]
new pivot is: -50000.0
[[ 2.e+00  1.e+05]
 [ 0.e+00 -5.e+04]]
[100000. -50000.]
[[2. 1. 1. 1. 1.]
 [1. 2. 1. 1. 1.]
 [1. 1. 2. 1. 1.]
 [1. 1. 1. 2. 1.]
 [1. 1. 1. 1. 2.]]
[4. 5. 6. 7. 8.]
[[2. 1. 1. 1. 1.]
 [1. 2. 1. 1. 1.]
 [1. 1. 2. 1. 1.]
 [1. 1. 1. 2. 1.]
 [1. 1. 1. 1. 2.]]
[4. 5. 6. 7. 8.]
new pivot is: 2.0
multiplier10
[[2.  1.  1.  1.  1. ]
 [0.  1.5 0.5 0.5 0.5]
 [1.  1.  2.  1.  1. ]
 [1.  1.  1.  2.  1. ]
 [1.  1.  1.  1.  2. ]]
[4. 3. 6. 7. 8.]
multiplier20
[[2.  1.  1.  1.  1. ]
 [0.  1.5 0.5 0.5 0.5]
 [0.  0.5 1.5 0.5 0.5]
 [1.  1.  1.  2.  1. ]
 [1.  1.  1.  1.  2. ]]
[4. 3. 4. 7. 8.]
multiplier30
[[2.  1.  1.  1.  1. ]
 [0.  1.5 0.5 0.5 0.5]
 [0.  0.5 1.5 0.5 0.5]
 [0.  0.5 0.5 1.5 0.5]
 [1.  1.  1.  1.  2. ]]
[4. 3. 4. 5. 8.]
multiplier40
[[2.  1.  1.  1.  1. ]
 [0.  1.5 0.5 0.5 0.5]
 [0.  0.5 1.5 0.5 0.5]
 [0.  0.5 0.5 1.5 0.5]
 [0.  0.5 0.5 0.5 1.5]]
[4. 3. 4. 5. 6.]
[[2.  1.  1.  1.  1. ]
 [0.  1.5 0.5 0.5 0.5]
 [0.  0.5 1.5 0.5 0.5]
 [0.  0.5 0.5 1.5 0.5]
 [0.  0.5 0.5 0.5 1.5]]
[4. 3. 4. 5. 6.]
new pivot is: 1.5
multiplier21
[[2.         1.         1.         1.         1.        ]
 [0.         1.5        0.5        0.5        0.5       ]
 [0.         0.         1.33333333 0.33333333 0.33333333]
 [0.         0.5        0.5        1.5        0.5       ]
 [0.         0.5        0.5        0.5        1.5       ]]
[4. 3. 3. 5. 6.]
multiplier31
[[2.         1.         1.         1.         1.        ]
 [0.         1.5        0.5        0.5        0.5       ]
 [0.         0.         1.33333333 0.33333333 0.33333333]
 [0.         0.         0.33333333 1.33333333 0.33333333]
 [0.         0.5        0.5        0.5        1.5       ]]
[4. 3. 3. 4. 6.]
multiplier41
[[2.         1.         1.         1.         1.        ]
 [0.         1.5        0.5        0.5        0.5       ]
 [0.         0.         1.33333333 0.33333333 0.33333333]
 [0.         0.         0.33333333 1.33333333 0.33333333]
 [0.         0.         0.33333333 0.33333333 1.33333333]]
[4. 3. 3. 4. 5.]
[[2.         1.         1.         1.         1.        ]
 [0.         1.5        0.5        0.5        0.5       ]
 [0.         0.         1.33333333 0.33333333 0.33333333]
 [0.         0.         0.33333333 1.33333333 0.33333333]
 [0.         0.         0.33333333 0.33333333 1.33333333]]
[4. 3. 3. 4. 5.]
new pivot is: 1.3333333333333333
multiplier32
[[2.         1.         1.         1.         1.        ]
 [0.         1.5        0.5        0.5        0.5       ]
 [0.         0.         1.33333333 0.33333333 0.33333333]
 [0.         0.         0.         1.25       0.25      ]
 [0.         0.         0.33333333 0.33333333 1.33333333]]
[4.   3.   3.   3.25 5.  ]
multiplier42
[[2.         1.         1.         1.         1.        ]
 [0.         1.5        0.5        0.5        0.5       ]
 [0.         0.         1.33333333 0.33333333 0.33333333]
 [0.         0.         0.         1.25       0.25      ]
 [0.         0.         0.         0.25       1.25      ]]
[4.   3.   3.   3.25 4.25]
[[2.         1.         1.         1.         1.        ]
 [0.         1.5        0.5        0.5        0.5       ]
 [0.         0.         1.33333333 0.33333333 0.33333333]
 [0.         0.         0.         1.25       0.25      ]
 [0.         0.         0.         0.25       1.25      ]]
[4.   3.   3.   3.25 4.25]
new pivot is: 1.25
multiplier43
[[2.         1.         1.         1.         1.        ]
 [0.         1.5        0.5        0.5        0.5       ]
 [0.         0.         1.33333333 0.33333333 0.33333333]
 [0.         0.         0.         1.25       0.25      ]
 [0.         0.         0.         0.         1.2       ]]
[4.   3.   3.   3.25 3.6 ]
[[2.         1.         1.         1.         1.        ]
 [0.         1.5        0.5        0.5        0.5       ]
 [0.         0.         1.33333333 0.33333333 0.33333333]
 [0.         0.         0.         1.25       0.25      ]
 [0.         0.         0.         0.         1.2       ]]
[4.   3.   3.   3.25 3.6 ]
new pivot is: 1.2
[[2.         1.         1.         1.         1.        ]
 [0.         1.5        0.5        0.5        0.5       ]
 [0.         0.         1.33333333 0.33333333 0.33333333]
 [0.         0.         0.         1.25       0.25      ]
 [0.         0.         0.         0.         1.2       ]]
[4.   3.   3.   3.25 3.6 ]
[[2. 1. 1. 1. 1.]
 [1. 2. 1. 1. 1.]
 [1. 1. 2. 1. 1.]
 [1. 1. 1. 2. 1.]
 [1. 1. 1. 1. 2.]]
[4. 5. 6. 7. 8.]
[[2. 1. 1. 1. 1.]
 [1. 2. 1. 1. 1.]
 [1. 1. 2. 1. 1.]
 [1. 1. 1. 2. 1.]
 [1. 1. 1. 1. 2.]]
[4. 5. 6. 7. 8.]
new pivot is: 2.0
multiplier10
[[2.  1.  1.  1.  1. ]
 [0.  1.5 0.5 0.5 0.5]
 [1.  1.  2.  1.  1. ]
 [1.  1.  1.  2.  1. ]
 [1.  1.  1.  1.  2. ]]
[4. 3. 6. 7. 8.]
multiplier20
[[2.  1.  1.  1.  1. ]
 [0.  1.5 0.5 0.5 0.5]
 [0.  0.5 1.5 0.5 0.5]
 [1.  1.  1.  2.  1. ]
 [1.  1.  1.  1.  2. ]]
[4. 3. 4. 7. 8.]
multiplier30
[[2.  1.  1.  1.  1. ]
 [0.  1.5 0.5 0.5 0.5]
 [0.  0.5 1.5 0.5 0.5]
 [0.  0.5 0.5 1.5 0.5]
 [1.  1.  1.  1.  2. ]]
[4. 3. 4. 5. 8.]
multiplier40
[[2.  1.  1.  1.  1. ]
 [0.  1.5 0.5 0.5 0.5]
 [0.  0.5 1.5 0.5 0.5]
 [0.  0.5 0.5 1.5 0.5]
 [0.  0.5 0.5 0.5 1.5]]
[4. 3. 4. 5. 6.]
[[2.  1.  1.  1.  1. ]
 [0.  1.5 0.5 0.5 0.5]
 [0.  0.5 1.5 0.5 0.5]
 [0.  0.5 0.5 1.5 0.5]
 [0.  0.5 0.5 0.5 1.5]]
[4. 3. 4. 5. 6.]
new pivot is: 1.5
multiplier21
[[2.000e+00 1.000e+00 1.000e+00 1.000e+00 1.000e+00]
 [0.000e+00 1.500e+00 5.000e-01 5.000e-01 5.000e-01]
 [0.000e+00 5.000e-05 1.333e+00 3.334e-01 3.334e-01]
 [0.000e+00 5.000e-01 5.000e-01 1.500e+00 5.000e-01]
 [0.000e+00 5.000e-01 5.000e-01 5.000e-01 1.500e+00]]
[4. 3. 3. 5. 6.]
multiplier31
[[2.000e+00 1.000e+00 1.000e+00 1.000e+00 1.000e+00]
 [0.000e+00 1.500e+00 5.000e-01 5.000e-01 5.000e-01]
 [0.000e+00 5.000e-05 1.333e+00 3.334e-01 3.334e-01]
 [0.000e+00 5.000e-05 3.334e-01 1.333e+00 3.334e-01]
 [0.000e+00 5.000e-01 5.000e-01 5.000e-01 1.500e+00]]
[4. 3. 3. 4. 6.]
multiplier41
[[2.000e+00 1.000e+00 1.000e+00 1.000e+00 1.000e+00]
 [0.000e+00 1.500e+00 5.000e-01 5.000e-01 5.000e-01]
 [0.000e+00 5.000e-05 1.333e+00 3.334e-01 3.334e-01]
 [0.000e+00 5.000e-05 3.334e-01 1.333e+00 3.334e-01]
 [0.000e+00 5.000e-05 3.334e-01 3.334e-01 1.333e+00]]
[4. 3. 3. 4. 5.]
[[2.000e+00 1.000e+00 1.000e+00 1.000e+00 1.000e+00]
 [0.000e+00 1.500e+00 5.000e-01 5.000e-01 5.000e-01]
 [0.000e+00 5.000e-05 1.333e+00 3.334e-01 3.334e-01]
 [0.000e+00 5.000e-05 3.334e-01 1.333e+00 3.334e-01]
 [0.000e+00 5.000e-05 3.334e-01 3.334e-01 1.333e+00]]
[4. 3. 3. 4. 5.]
new pivot is: 1.333
multiplier32
[[2.000e+00 1.000e+00 1.000e+00 1.000e+00 1.000e+00]
 [0.000e+00 1.500e+00 5.000e-01 5.000e-01 5.000e-01]
 [0.000e+00 5.000e-05 1.333e+00 3.334e-01 3.334e-01]
 [0.000e+00 5.000e-05 1.670e-05 1.250e+00 2.500e-01]
 [0.000e+00 5.000e-05 3.334e-01 3.334e-01 1.333e+00]]
[4.   3.   3.   3.25 5.  ]
multiplier42
[[2.000e+00 1.000e+00 1.000e+00 1.000e+00 1.000e+00]
 [0.000e+00 1.500e+00 5.000e-01 5.000e-01 5.000e-01]
 [0.000e+00 5.000e-05 1.333e+00 3.334e-01 3.334e-01]
 [0.000e+00 5.000e-05 1.670e-05 1.250e+00 2.500e-01]
 [0.000e+00 5.000e-05 1.670e-05 2.500e-01 1.250e+00]]
[4.   3.   3.   3.25 4.25]
[[2.000e+00 1.000e+00 1.000e+00 1.000e+00 1.000e+00]
 [0.000e+00 1.500e+00 5.000e-01 5.000e-01 5.000e-01]
 [0.000e+00 5.000e-05 1.333e+00 3.334e-01 3.334e-01]
 [0.000e+00 5.000e-05 1.670e-05 1.250e+00 2.500e-01]
 [0.000e+00 5.000e-05 1.670e-05 2.500e-01 1.250e+00]]
[4.   3.   3.   3.25 4.25]
new pivot is: 1.25
multiplier43
[[2.000e+00 1.000e+00 1.000e+00 1.000e+00 1.000e+00]
 [0.000e+00 1.500e+00 5.000e-01 5.000e-01 5.000e-01]
 [0.000e+00 5.000e-05 1.333e+00 3.334e-01 3.334e-01]
 [0.000e+00 5.000e-05 1.670e-05 1.250e+00 2.500e-01]
 [0.000e+00 5.000e-05 1.670e-05 0.000e+00 1.200e+00]]
[4.   3.   3.   3.25 3.6 ]
[[2.000e+00 1.000e+00 1.000e+00 1.000e+00 1.000e+00]
 [0.000e+00 1.500e+00 5.000e-01 5.000e-01 5.000e-01]
 [0.000e+00 5.000e-05 1.333e+00 3.334e-01 3.334e-01]
 [0.000e+00 5.000e-05 1.670e-05 1.250e+00 2.500e-01]
 [0.000e+00 5.000e-05 1.670e-05 0.000e+00 1.200e+00]]
[4.   3.   3.   3.25 3.6 ]
new pivot is: 1.2
[[2.000e+00 1.000e+00 1.000e+00 1.000e+00 1.000e+00]
 [0.000e+00 1.500e+00 5.000e-01 5.000e-01 5.000e-01]
 [0.000e+00 5.000e-05 1.333e+00 3.334e-01 3.334e-01]
 [0.000e+00 5.000e-05 1.670e-05 1.250e+00 2.500e-01]
 [0.000e+00 5.000e-05 1.670e-05 0.000e+00 1.200e+00]]
[4.   3.   3.   3.25 3.6 ]
Pivoting
interchanging row 0 with row 1
Pivoting
interchanging row 1 with row 3
Pivoting
interchanging row 2 with row 3
[[ 1.  1. -3.  1.]
 [-5.  3.  4.  1.]
 [ 1.  0.  2. -1.]
 [ 1.  2.  0.  0.]]
[ 2.  0.  1. 12.]
[[-5.  3.  4.  1.]
 [ 1.  1. -3.  1.]
 [ 1.  0.  2. -1.]
 [ 1.  2.  0.  0.]]
[ 0.  2.  1. 12.]
new pivot is: -5.0
multiplier10
[[-5.   3.   4.   1. ]
 [ 0.   1.6 -2.2  1.2]
 [ 1.   0.   2.  -1. ]
 [ 1.   2.   0.   0. ]]
[ 0.  2.  1. 12.]
multiplier20
[[-5.   3.   4.   1. ]
 [ 0.   1.6 -2.2  1.2]
 [ 0.   0.6  2.8 -0.8]
 [ 1.   2.   0.   0. ]]
[ 0.  2.  1. 12.]
multiplier30
[[-5.   3.   4.   1. ]
 [ 0.   1.6 -2.2  1.2]
 [ 0.   0.6  2.8 -0.8]
 [ 0.   2.6  0.8  0.2]]
[ 0.  2.  1. 12.]
[[-5.   3.   4.   1. ]
 [ 0.   2.6  0.8  0.2]
 [ 0.   0.6  2.8 -0.8]
 [ 0.   1.6 -2.2  1.2]]
[ 0. 12.  1.  2.]
new pivot is: 2.6
multiplier21
[[-5.0000e+00  3.0000e+00  4.0000e+00  1.0000e+00]
 [ 0.0000e+00  2.6000e+00  8.0000e-01  2.0000e-01]
 [ 0.0000e+00 -2.0000e-06  2.6154e+00 -8.4615e-01]
 [ 0.0000e+00  1.6000e+00 -2.2000e+00  1.2000e+00]]
[ 0.     12.     -1.7692  2.    ]
multiplier31
[[-5.0000e+00  3.0000e+00  4.0000e+00  1.0000e+00]
 [ 0.0000e+00  2.6000e+00  8.0000e-01  2.0000e-01]
 [ 0.0000e+00 -2.0000e-06  2.6154e+00 -8.4615e-01]
 [ 0.0000e+00  1.2000e-05 -2.6923e+00  1.0769e+00]]
[ 0.     12.     -1.7692 -5.3846]
[[-5.0000e+00  3.0000e+00  4.0000e+00  1.0000e+00]
 [ 0.0000e+00  2.6000e+00  8.0000e-01  2.0000e-01]
 [ 0.0000e+00  1.2000e-05 -2.6923e+00  1.0769e+00]
 [ 0.0000e+00 -2.0000e-06  2.6154e+00 -8.4615e-01]]
[ 0.     12.     -5.3846 -1.7692]
new pivot is: -2.6923
multiplier32
[[-5.0000e+00  3.0000e+00  4.0000e+00  1.0000e+00]
 [ 0.0000e+00  2.6000e+00  8.0000e-01  2.0000e-01]
 [ 0.0000e+00  1.2000e-05 -2.6923e+00  1.0769e+00]
 [ 0.0000e+00 -2.0000e-06 -7.9120e-06  1.9999e-01]]
[ 0.     12.     -5.3846 -7.    ]
[[-5.0000e+00  3.0000e+00  4.0000e+00  1.0000e+00]
 [ 0.0000e+00  2.6000e+00  8.0000e-01  2.0000e-01]
 [ 0.0000e+00  1.2000e-05 -2.6923e+00  1.0769e+00]
 [ 0.0000e+00 -2.0000e-06 -7.9120e-06  1.9999e-01]]
[ 0.     12.     -5.3846 -7.    ]
new pivot is: 0.19999
[[-5.0000e+00  3.0000e+00  4.0000e+00  1.0000e+00]
 [ 0.0000e+00  2.6000e+00  8.0000e-01  2.0000e-01]
 [ 0.0000e+00  1.2000e-05 -2.6923e+00  1.0769e+00]
 [ 0.0000e+00 -2.0000e-06 -7.9120e-06  1.9999e-01]]
[ 0.     12.     -5.3846 -7.    ]
Pivoting
interchanging row 0 with row 1
Pivoting
interchanging row 1 with row 3
Pivoting
interchanging row 2 with row 3
[[ 1.  1. -3.  1.]
 [-5.  3.  4.  1.]
 [ 1.  0.  2. -1.]
 [ 1.  2.  0.  0.]]
[ 2.  0.  1. 12.]
[[-5.  3.  4.  1.]
 [ 1.  1. -3.  1.]
 [ 1.  0.  2. -1.]
 [ 1.  2.  0.  0.]]
[ 0.  2.  1. 12.]
new pivot is: -5.0
multiplier10
[[-5.   3.   4.   1. ]
 [ 0.   1.6 -2.2  1.2]
 [ 1.   0.   2.  -1. ]
 [ 1.   2.   0.   0. ]]
[ 0.  2.  1. 12.]
multiplier20
[[-5.   3.   4.   1. ]
 [ 0.   1.6 -2.2  1.2]
 [ 0.   0.6  2.8 -0.8]
 [ 1.   2.   0.   0. ]]
[ 0.  2.  1. 12.]
multiplier30
[[-5.   3.   4.   1. ]
 [ 0.   1.6 -2.2  1.2]
 [ 0.   0.6  2.8 -0.8]
 [ 0.   2.6  0.8  0.2]]
[ 0.  2.  1. 12.]
[[-5.   3.   4.   1. ]
 [ 0.   2.6  0.8  0.2]
 [ 0.   0.6  2.8 -0.8]
 [ 0.   1.6 -2.2  1.2]]
[ 0. 12.  1.  2.]
new pivot is: 2.6
multiplier21
[[-5.0000e+00  3.0000e+00  4.0000e+00  1.0000e+00]
 [ 0.0000e+00  2.6000e+00  8.0000e-01  2.0000e-01]
 [ 0.0000e+00 -2.0000e-06  2.6154e+00 -8.4615e-01]
 [ 0.0000e+00  1.6000e+00 -2.2000e+00  1.2000e+00]]
[ 0.     12.     -1.7692  2.    ]
multiplier31
[[-5.0000e+00  3.0000e+00  4.0000e+00  1.0000e+00]
 [ 0.0000e+00  2.6000e+00  8.0000e-01  2.0000e-01]
 [ 0.0000e+00 -2.0000e-06  2.6154e+00 -8.4615e-01]
 [ 0.0000e+00  1.2000e-05 -2.6923e+00  1.0769e+00]]
[ 0.     12.     -1.7692 -5.3846]
[[-5.0000e+00  3.0000e+00  4.0000e+00  1.0000e+00]
 [ 0.0000e+00  2.6000e+00  8.0000e-01  2.0000e-01]
 [ 0.0000e+00  1.2000e-05 -2.6923e+00  1.0769e+00]
 [ 0.0000e+00 -2.0000e-06  2.6154e+00 -8.4615e-01]]
[ 0.     12.     -5.3846 -1.7692]
new pivot is: -2.6923
multiplier32
[[-5.0000e+00  3.0000e+00  4.0000e+00  1.0000e+00]
 [ 0.0000e+00  2.6000e+00  8.0000e-01  2.0000e-01]
 [ 0.0000e+00  1.2000e-05 -2.6923e+00  1.0769e+00]
 [ 0.0000e+00 -2.0000e-06 -7.9120e-06  1.9999e-01]]
[ 0.     12.     -5.3846 -7.    ]
[[-5.0000e+00  3.0000e+00  4.0000e+00  1.0000e+00]
 [ 0.0000e+00  2.6000e+00  8.0000e-01  2.0000e-01]
 [ 0.0000e+00  1.2000e-05 -2.6923e+00  1.0769e+00]
 [ 0.0000e+00 -2.0000e-06 -7.9120e-06  1.9999e-01]]
[ 0.     12.     -5.3846 -7.    ]
new pivot is: 0.19999
[[-5.0000e+00  3.0000e+00  4.0000e+00  1.0000e+00]
 [ 0.0000e+00  2.6000e+00  8.0000e-01  2.0000e-01]
 [ 0.0000e+00  1.2000e-05 -2.6923e+00  1.0769e+00]
 [ 0.0000e+00 -2.0000e-06 -7.9120e-06  1.9999e-01]]
[ 0.     12.     -5.3846 -7.    ]
Pivoting
interchanging row 0 with row 1
Pivoting
interchanging row 1 with row 3
Pivoting
interchanging row 2 with row 3
[[ 1.  1. -3.  1.]
 [-5.  3.  4.  1.]
 [ 1.  0.  2. -1.]
 [ 1.  2.  0.  0.]]
[ 2.  0.  1. 12.]
[[-5.  3.  4.  1.]
 [ 1.  1. -3.  1.]
 [ 1.  0.  2. -1.]
 [ 1.  2.  0.  0.]]
[ 0.  2.  1. 12.]
new pivot is: -5.0
multiplier10
[[-5.   3.   4.   1. ]
 [ 0.   1.6 -2.2  1.2]
 [ 1.   0.   2.  -1. ]
 [ 1.   2.   0.   0. ]]
[ 0.  2.  1. 12.]
multiplier20
[[-5.   3.   4.   1. ]
 [ 0.   1.6 -2.2  1.2]
 [ 0.   0.6  2.8 -0.8]
 [ 1.   2.   0.   0. ]]
[ 0.  2.  1. 12.]
multiplier30
[[-5.   3.   4.   1. ]
 [ 0.   1.6 -2.2  1.2]
 [ 0.   0.6  2.8 -0.8]
 [ 0.   2.6  0.8  0.2]]
[ 0.  2.  1. 12.]
[[-5.   3.   4.   1. ]
 [ 0.   2.6  0.8  0.2]
 [ 0.   0.6  2.8 -0.8]
 [ 0.   1.6 -2.2  1.2]]
[ 0. 12.  1.  2.]
new pivot is: 2.6
multiplier21
[[-5.0000e+00  3.0000e+00  4.0000e+00  1.0000e+00]
 [ 0.0000e+00  2.6000e+00  8.0000e-01  2.0000e-01]
 [ 0.0000e+00 -2.0000e-06  2.6154e+00 -8.4615e-01]
 [ 0.0000e+00  1.6000e+00 -2.2000e+00  1.2000e+00]]
[ 0.     12.     -1.7692  2.    ]
multiplier31
[[-5.0000e+00  3.0000e+00  4.0000e+00  1.0000e+00]
 [ 0.0000e+00  2.6000e+00  8.0000e-01  2.0000e-01]
 [ 0.0000e+00 -2.0000e-06  2.6154e+00 -8.4615e-01]
 [ 0.0000e+00  1.2000e-05 -2.6923e+00  1.0769e+00]]
[ 0.     12.     -1.7692 -5.3846]
[[-5.0000e+00  3.0000e+00  4.0000e+00  1.0000e+00]
 [ 0.0000e+00  2.6000e+00  8.0000e-01  2.0000e-01]
 [ 0.0000e+00  1.2000e-05 -2.6923e+00  1.0769e+00]
 [ 0.0000e+00 -2.0000e-06  2.6154e+00 -8.4615e-01]]
[ 0.     12.     -5.3846 -1.7692]
new pivot is: -2.6923
multiplier32
[[-5.0000e+00  3.0000e+00  4.0000e+00  1.0000e+00]
 [ 0.0000e+00  2.6000e+00  8.0000e-01  2.0000e-01]
 [ 0.0000e+00  1.2000e-05 -2.6923e+00  1.0769e+00]
 [ 0.0000e+00 -2.0000e-06 -7.9120e-06  1.9999e-01]]
[ 0.     12.     -5.3846 -7.    ]
[[-5.0000e+00  3.0000e+00  4.0000e+00  1.0000e+00]
 [ 0.0000e+00  2.6000e+00  8.0000e-01  2.0000e-01]
 [ 0.0000e+00  1.2000e-05 -2.6923e+00  1.0769e+00]
 [ 0.0000e+00 -2.0000e-06 -7.9120e-06  1.9999e-01]]
[ 0.     12.     -5.3846 -7.    ]
new pivot is: 0.19999
[[-5.0000e+00  3.0000e+00  4.0000e+00  1.0000e+00]
 [ 0.0000e+00  2.6000e+00  8.0000e-01  2.0000e-01]
 [ 0.0000e+00  1.2000e-05 -2.6923e+00  1.0769e+00]
 [ 0.0000e+00 -2.0000e-06 -7.9120e-06  1.9999e-01]]
[ 0.     12.     -5.3846 -7.    ]
Pivoting
interchanging row 0 with row 1
Pivoting
interchanging row 1 with row 3
Pivoting
interchanging row 2 with row 3
[[ 1.  1. -3.  1.]
 [-5.  3.  4.  1.]
 [ 1.  0.  2. -1.]
 [ 1.  2.  0.  0.]]
[ 2.  0.  1. 12.]
[[-5.  3.  4.  1.]
 [ 1.  1. -3.  1.]
 [ 1.  0.  2. -1.]
 [ 1.  2.  0.  0.]]
[ 0.  2.  1. 12.]
new pivot is: -5.0
multiplier10
[[-5.   3.   4.   1. ]
 [ 0.   1.6 -2.2  1.2]
 [ 1.   0.   2.  -1. ]
 [ 1.   2.   0.   0. ]]
[ 0.  2.  1. 12.]
multiplier20
[[-5.   3.   4.   1. ]
 [ 0.   1.6 -2.2  1.2]
 [ 0.   0.6  2.8 -0.8]
 [ 1.   2.   0.   0. ]]
[ 0.  2.  1. 12.]
multiplier30
[[-5.   3.   4.   1. ]
 [ 0.   1.6 -2.2  1.2]
 [ 0.   0.6  2.8 -0.8]
 [ 0.   2.6  0.8  0.2]]
[ 0.  2.  1. 12.]
[[-5.   3.   4.   1. ]
 [ 0.   2.6  0.8  0.2]
 [ 0.   0.6  2.8 -0.8]
 [ 0.   1.6 -2.2  1.2]]
[ 0. 12.  1.  2.]
new pivot is: 2.6
multiplier21
[[-5.0000e+00  3.0000e+00  4.0000e+00  1.0000e+00]
 [ 0.0000e+00  2.6000e+00  8.0000e-01  2.0000e-01]
 [ 0.0000e+00 -2.0000e-06  2.6154e+00 -8.4615e-01]
 [ 0.0000e+00  1.6000e+00 -2.2000e+00  1.2000e+00]]
[ 0.     12.     -1.7692  2.    ]
multiplier31
[[-5.0000e+00  3.0000e+00  4.0000e+00  1.0000e+00]
 [ 0.0000e+00  2.6000e+00  8.0000e-01  2.0000e-01]
 [ 0.0000e+00 -2.0000e-06  2.6154e+00 -8.4615e-01]
 [ 0.0000e+00  1.2000e-05 -2.6923e+00  1.0769e+00]]
[ 0.     12.     -1.7692 -5.3846]
[[-5.0000e+00  3.0000e+00  4.0000e+00  1.0000e+00]
 [ 0.0000e+00  2.6000e+00  8.0000e-01  2.0000e-01]
 [ 0.0000e+00  1.2000e-05 -2.6923e+00  1.0769e+00]
 [ 0.0000e+00 -2.0000e-06  2.6154e+00 -8.4615e-01]]
[ 0.     12.     -5.3846 -1.7692]
new pivot is: -2.6923
multiplier32
[[-5.0000e+00  3.0000e+00  4.0000e+00  1.0000e+00]
 [ 0.0000e+00  2.6000e+00  8.0000e-01  2.0000e-01]
 [ 0.0000e+00  1.2000e-05 -2.6923e+00  1.0769e+00]
 [ 0.0000e+00 -2.0000e-06 -7.9120e-06  1.9999e-01]]
[ 0.     12.     -5.3846 -7.    ]
[[-5.0000e+00  3.0000e+00  4.0000e+00  1.0000e+00]
 [ 0.0000e+00  2.6000e+00  8.0000e-01  2.0000e-01]
 [ 0.0000e+00  1.2000e-05 -2.6923e+00  1.0769e+00]
 [ 0.0000e+00 -2.0000e-06 -7.9120e-06  1.9999e-01]]
[ 0.     12.     -5.3846 -7.    ]
new pivot is: 0.19999
[[-5.0000e+00  3.0000e+00  4.0000e+00  1.0000e+00]
 [ 0.0000e+00  2.6000e+00  8.0000e-01  2.0000e-01]
 [ 0.0000e+00  1.2000e-05 -2.6923e+00  1.0769e+00]
 [ 0.0000e+00 -2.0000e-06 -7.9120e-06  1.9999e-01]]
[ 0.     12.     -5.3846 -7.    ]
Pivoting
interchanging row 0 with row 1
Pivoting
interchanging row 1 with row 3
Pivoting
interchanging row 2 with row 3
[[ 1.  1. -3.  1.]
 [-5.  3.  4.  1.]
 [ 1.  0.  2. -1.]
 [ 1.  2.  0.  0.]]
[ 2.  0.  1. 12.]
[[-5.  3.  4.  1.]
 [ 1.  1. -3.  1.]
 [ 1.  0.  2. -1.]
 [ 1.  2.  0.  0.]]
[ 0.  2.  1. 12.]
new pivot is: -5.0
multiplier10
[[-5.   3.   4.   1. ]
 [ 0.   1.6 -2.2  1.2]
 [ 1.   0.   2.  -1. ]
 [ 1.   2.   0.   0. ]]
[ 0.  2.  1. 12.]
multiplier20
[[-5.   3.   4.   1. ]
 [ 0.   1.6 -2.2  1.2]
 [ 0.   0.6  2.8 -0.8]
 [ 1.   2.   0.   0. ]]
[ 0.  2.  1. 12.]
multiplier30
[[-5.   3.   4.   1. ]
 [ 0.   1.6 -2.2  1.2]
 [ 0.   0.6  2.8 -0.8]
 [ 0.   2.6  0.8  0.2]]
[ 0.  2.  1. 12.]
[[-5.   3.   4.   1. ]
 [ 0.   2.6  0.8  0.2]
 [ 0.   0.6  2.8 -0.8]
 [ 0.   1.6 -2.2  1.2]]
[ 0. 12.  1.  2.]
new pivot is: 2.6
multiplier21
[[-5.0000e+00  3.0000e+00  4.0000e+00  1.0000e+00]
 [ 0.0000e+00  2.6000e+00  8.0000e-01  2.0000e-01]
 [ 0.0000e+00 -2.0000e-06  2.6154e+00 -8.4615e-01]
 [ 0.0000e+00  1.6000e+00 -2.2000e+00  1.2000e+00]]
[ 0.     12.     -1.7692  2.    ]
multiplier31
[[-5.0000e+00  3.0000e+00  4.0000e+00  1.0000e+00]
 [ 0.0000e+00  2.6000e+00  8.0000e-01  2.0000e-01]
 [ 0.0000e+00 -2.0000e-06  2.6154e+00 -8.4615e-01]
 [ 0.0000e+00  1.2000e-05 -2.6923e+00  1.0769e+00]]
[ 0.     12.     -1.7692 -5.3846]
[[-5.0000e+00  3.0000e+00  4.0000e+00  1.0000e+00]
 [ 0.0000e+00  2.6000e+00  8.0000e-01  2.0000e-01]
 [ 0.0000e+00  1.2000e-05 -2.6923e+00  1.0769e+00]
 [ 0.0000e+00 -2.0000e-06  2.6154e+00 -8.4615e-01]]
[ 0.     12.     -5.3846 -1.7692]
new pivot is: -2.6923
multiplier32
[[-5.0000e+00  3.0000e+00  4.0000e+00  1.0000e+00]
 [ 0.0000e+00  2.6000e+00  8.0000e-01  2.0000e-01]
 [ 0.0000e+00  1.2000e-05 -2.6923e+00  1.0769e+00]
 [ 0.0000e+00 -2.0000e-06 -7.9120e-06  1.9999e-01]]
[ 0.     12.     -5.3846 -7.    ]
[[-5.0000e+00  3.0000e+00  4.0000e+00  1.0000e+00]
 [ 0.0000e+00  2.6000e+00  8.0000e-01  2.0000e-01]
 [ 0.0000e+00  1.2000e-05 -2.6923e+00  1.0769e+00]
 [ 0.0000e+00 -2.0000e-06 -7.9120e-06  1.9999e-01]]
[ 0.     12.     -5.3846 -7.    ]
new pivot is: 0.19999
[[-5.0000e+00  3.0000e+00  4.0000e+00  1.0000e+00]
 [ 0.0000e+00  2.6000e+00  8.0000e-01  2.0000e-01]
 [ 0.0000e+00  1.2000e-05 -2.6923e+00  1.0769e+00]
 [ 0.0000e+00 -2.0000e-06 -7.9120e-06  1.9999e-01]]
[ 0.     12.     -5.3846 -7.    ]
Pivoting
interchanging row 0 with row 1
Pivoting
interchanging row 1 with row 3
Pivoting
interchanging row 2 with row 3
[[ 1.  1. -3.  1.]
 [-5.  3.  4.  1.]
 [ 1.  0.  2. -1.]
 [ 1.  2.  0.  0.]]
[ 2.  0.  1. 12.]
[[-5.  3.  4.  1.]
 [ 1.  1. -3.  1.]
 [ 1.  0.  2. -1.]
 [ 1.  2.  0.  0.]]
[ 0.  2.  1. 12.]
new pivot is: -5.0
multiplier10
[[-5.   3.   4.   1. ]
 [ 0.   1.6 -2.2  1.2]
 [ 1.   0.   2.  -1. ]
 [ 1.   2.   0.   0. ]]
[ 0.  2.  1. 12.]
multiplier20
[[-5.   3.   4.   1. ]
 [ 0.   1.6 -2.2  1.2]
 [ 0.   0.6  2.8 -0.8]
 [ 1.   2.   0.   0. ]]
[ 0.  2.  1. 12.]
multiplier30
[[-5.   3.   4.   1. ]
 [ 0.   1.6 -2.2  1.2]
 [ 0.   0.6  2.8 -0.8]
 [ 0.   2.6  0.8  0.2]]
[ 0.  2.  1. 12.]
[[-5.   3.   4.   1. ]
 [ 0.   2.6  0.8  0.2]
 [ 0.   0.6  2.8 -0.8]
 [ 0.   1.6 -2.2  1.2]]
[ 0. 12.  1.  2.]
new pivot is: 2.6
multiplier21
[[-5.0000e+00  3.0000e+00  4.0000e+00  1.0000e+00]
 [ 0.0000e+00  2.6000e+00  8.0000e-01  2.0000e-01]
 [ 0.0000e+00 -2.0000e-06  2.6154e+00 -8.4615e-01]
 [ 0.0000e+00  1.6000e+00 -2.2000e+00  1.2000e+00]]
[ 0.     12.     -1.7692  2.    ]
multiplier31
[[-5.0000e+00  3.0000e+00  4.0000e+00  1.0000e+00]
 [ 0.0000e+00  2.6000e+00  8.0000e-01  2.0000e-01]
 [ 0.0000e+00 -2.0000e-06  2.6154e+00 -8.4615e-01]
 [ 0.0000e+00  1.2000e-05 -2.6923e+00  1.0769e+00]]
[ 0.     12.     -1.7692 -5.3846]
[[-5.0000e+00  3.0000e+00  4.0000e+00  1.0000e+00]
 [ 0.0000e+00  2.6000e+00  8.0000e-01  2.0000e-01]
 [ 0.0000e+00  1.2000e-05 -2.6923e+00  1.0769e+00]
 [ 0.0000e+00 -2.0000e-06  2.6154e+00 -8.4615e-01]]
[ 0.     12.     -5.3846 -1.7692]
new pivot is: -2.6923
multiplier32
[[-5.0000e+00  3.0000e+00  4.0000e+00  1.0000e+00]
 [ 0.0000e+00  2.6000e+00  8.0000e-01  2.0000e-01]
 [ 0.0000e+00  1.2000e-05 -2.6923e+00  1.0769e+00]
 [ 0.0000e+00 -2.0000e-06 -7.9120e-06  1.9999e-01]]
[ 0.     12.     -5.3846 -7.    ]
[[-5.0000e+00  3.0000e+00  4.0000e+00  1.0000e+00]
 [ 0.0000e+00  2.6000e+00  8.0000e-01  2.0000e-01]
 [ 0.0000e+00  1.2000e-05 -2.6923e+00  1.0769e+00]
 [ 0.0000e+00 -2.0000e-06 -7.9120e-06  1.9999e-01]]
[ 0.     12.     -5.3846 -7.    ]
new pivot is: 0.19999
[[-5.0000e+00  3.0000e+00  4.0000e+00  1.0000e+00]
 [ 0.0000e+00  2.6000e+00  8.0000e-01  2.0000e-01]
 [ 0.0000e+00  1.2000e-05 -2.6923e+00  1.0769e+00]
 [ 0.0000e+00 -2.0000e-06 -7.9120e-06  1.9999e-01]]
[ 0.     12.     -5.3846 -7.    ]
Pivoting
interchanging row 0 with row 1
Pivoting
interchanging row 1 with row 3
Pivoting
interchanging row 2 with row 3
[[ 1.  1. -3.  1.]
 [-5.  3. -4.  1.]
 [ 1.  0.  2. -1.]
 [ 1.  2.  0.  0.]]
[ 2.  0.  1. 12.]
[[-5.  3. -4.  1.]
 [ 1.  1. -3.  1.]
 [ 1.  0.  2. -1.]
 [ 1.  2.  0.  0.]]
[ 0.  2.  1. 12.]
new pivot is: -5.0
multiplier10
[[-5.   3.  -4.   1. ]
 [ 0.   1.6 -3.8  1.2]
 [ 1.   0.   2.  -1. ]
 [ 1.   2.   0.   0. ]]
[ 0.  2.  1. 12.]
multiplier20
[[-5.   3.  -4.   1. ]
 [ 0.   1.6 -3.8  1.2]
 [ 0.   0.6  1.2 -0.8]
 [ 1.   2.   0.   0. ]]
[ 0.  2.  1. 12.]
multiplier30
[[-5.   3.  -4.   1. ]
 [ 0.   1.6 -3.8  1.2]
 [ 0.   0.6  1.2 -0.8]
 [ 0.   2.6 -0.8  0.2]]
[ 0.  2.  1. 12.]
[[-5.   3.  -4.   1. ]
 [ 0.   2.6 -0.8  0.2]
 [ 0.   0.6  1.2 -0.8]
 [ 0.   1.6 -3.8  1.2]]
[ 0. 12.  1.  2.]
new pivot is: 2.6
multiplier21
[[-5.0000e+00  3.0000e+00 -4.0000e+00  1.0000e+00]
 [ 0.0000e+00  2.6000e+00 -8.0000e-01  2.0000e-01]
 [ 0.0000e+00 -2.0000e-06  1.3846e+00 -8.4615e-01]
 [ 0.0000e+00  1.6000e+00 -3.8000e+00  1.2000e+00]]
[ 0.     12.     -1.7692  2.    ]
multiplier31
[[-5.0000e+00  3.0000e+00 -4.0000e+00  1.0000e+00]
 [ 0.0000e+00  2.6000e+00 -8.0000e-01  2.0000e-01]
 [ 0.0000e+00 -2.0000e-06  1.3846e+00 -8.4615e-01]
 [ 0.0000e+00  1.2000e-05 -3.3077e+00  1.0769e+00]]
[ 0.     12.     -1.7692 -5.3846]
[[-5.0000e+00  3.0000e+00 -4.0000e+00  1.0000e+00]
 [ 0.0000e+00  2.6000e+00 -8.0000e-01  2.0000e-01]
 [ 0.0000e+00  1.2000e-05 -3.3077e+00  1.0769e+00]
 [ 0.0000e+00 -2.0000e-06  1.3846e+00 -8.4615e-01]]
[ 0.     12.     -5.3846 -1.7692]
new pivot is: -3.3077
multiplier32
[[-5.0000e+00  3.0000e+00 -4.0000e+00  1.0000e+00]
 [ 0.0000e+00  2.6000e+00 -8.0000e-01  2.0000e-01]
 [ 0.0000e+00  1.2000e-05 -3.3077e+00  1.0769e+00]
 [ 0.0000e+00 -2.0000e-06 -3.2200e-06 -3.9536e-01]]
[ 0.     12.     -5.3846 -4.0232]
[[-5.0000e+00  3.0000e+00 -4.0000e+00  1.0000e+00]
 [ 0.0000e+00  2.6000e+00 -8.0000e-01  2.0000e-01]
 [ 0.0000e+00  1.2000e-05 -3.3077e+00  1.0769e+00]
 [ 0.0000e+00 -2.0000e-06 -3.2200e-06 -3.9536e-01]]
[ 0.     12.     -5.3846 -4.0232]
new pivot is: -0.39536
[[-5.0000e+00  3.0000e+00 -4.0000e+00  1.0000e+00]
 [ 0.0000e+00  2.6000e+00 -8.0000e-01  2.0000e-01]
 [ 0.0000e+00  1.2000e-05 -3.3077e+00  1.0769e+00]
 [ 0.0000e+00 -2.0000e-06 -3.2200e-06 -3.9536e-01]]
[ 0.     12.     -5.3846 -4.0232]
Pivoting
interchanging row 0 with row 1
Pivoting
interchanging row 1 with row 3
Pivoting
interchanging row 2 with row 3
[[ 1.  1. -3.  1.]
 [-5.  3. -4.  1.]
 [ 1.  0.  2. -1.]
 [ 1.  2.  0.  0.]]
[ 2.  0.  1. 12.]
[[-5.  3. -4.  1.]
 [ 1.  1. -3.  1.]
 [ 1.  0.  2. -1.]
 [ 1.  2.  0.  0.]]
[ 0.  2.  1. 12.]
new pivot is: -5.0
multiplier10
[[-5.   3.  -4.   1. ]
 [ 0.   1.6 -3.8  1.2]
 [ 1.   0.   2.  -1. ]
 [ 1.   2.   0.   0. ]]
[ 0.  2.  1. 12.]
multiplier20
[[-5.   3.  -4.   1. ]
 [ 0.   1.6 -3.8  1.2]
 [ 0.   0.6  1.2 -0.8]
 [ 1.   2.   0.   0. ]]
[ 0.  2.  1. 12.]
multiplier30
[[-5.   3.  -4.   1. ]
 [ 0.   1.6 -3.8  1.2]
 [ 0.   0.6  1.2 -0.8]
 [ 0.   2.6 -0.8  0.2]]
[ 0.  2.  1. 12.]
[[-5.   3.  -4.   1. ]
 [ 0.   2.6 -0.8  0.2]
 [ 0.   0.6  1.2 -0.8]
 [ 0.   1.6 -3.8  1.2]]
[ 0. 12.  1.  2.]
new pivot is: 2.6
multiplier21
[[-5.0000e+00  3.0000e+00 -4.0000e+00  1.0000e+00]
 [ 0.0000e+00  2.6000e+00 -8.0000e-01  2.0000e-01]
 [ 0.0000e+00 -2.0000e-06  1.3846e+00 -8.4615e-01]
 [ 0.0000e+00  1.6000e+00 -3.8000e+00  1.2000e+00]]
[ 0.     12.     -1.7692  2.    ]
multiplier31
[[-5.0000e+00  3.0000e+00 -4.0000e+00  1.0000e+00]
 [ 0.0000e+00  2.6000e+00 -8.0000e-01  2.0000e-01]
 [ 0.0000e+00 -2.0000e-06  1.3846e+00 -8.4615e-01]
 [ 0.0000e+00  1.2000e-05 -3.3077e+00  1.0769e+00]]
[ 0.     12.     -1.7692 -5.3846]
[[-5.0000e+00  3.0000e+00 -4.0000e+00  1.0000e+00]
 [ 0.0000e+00  2.6000e+00 -8.0000e-01  2.0000e-01]
 [ 0.0000e+00  1.2000e-05 -3.3077e+00  1.0769e+00]
 [ 0.0000e+00 -2.0000e-06  1.3846e+00 -8.4615e-01]]
[ 0.     12.     -5.3846 -1.7692]
new pivot is: -3.3077
multiplier32
[[-5.0000e+00  3.0000e+00 -4.0000e+00  1.0000e+00]
 [ 0.0000e+00  2.6000e+00 -8.0000e-01  2.0000e-01]
 [ 0.0000e+00  1.2000e-05 -3.3077e+00  1.0769e+00]
 [ 0.0000e+00 -2.0000e-06 -3.2200e-06 -3.9536e-01]]
[ 0.     12.     -5.3846 -4.0232]
[[-5.0000e+00  3.0000e+00 -4.0000e+00  1.0000e+00]
 [ 0.0000e+00  2.6000e+00 -8.0000e-01  2.0000e-01]
 [ 0.0000e+00  1.2000e-05 -3.3077e+00  1.0769e+00]
 [ 0.0000e+00 -2.0000e-06 -3.2200e-06 -3.9536e-01]]
[ 0.     12.     -5.3846 -4.0232]
new pivot is: -0.39536
[[-5.0000e+00  3.0000e+00 -4.0000e+00  1.0000e+00]
 [ 0.0000e+00  2.6000e+00 -8.0000e-01  2.0000e-01]
 [ 0.0000e+00  1.2000e-05 -3.3077e+00  1.0769e+00]
 [ 0.0000e+00 -2.0000e-06 -3.2200e-06 -3.9536e-01]]
[ 0.     12.     -5.3846 -4.0232]
Pivoting
interchanging row 0 with row 1
Pivoting
interchanging row 1 with row 3
Pivoting
interchanging row 2 with row 3
[[ 1.  1. -3.  1.]
 [-5.  3. -4.  1.]
 [ 1.  0.  2. -1.]
 [ 1.  2.  0.  0.]]
[ 2.  0.  1. 12.]
[[-5.  3. -4.  1.]
 [ 1.  1. -3.  1.]
 [ 1.  0.  2. -1.]
 [ 1.  2.  0.  0.]]
[ 0.  2.  1. 12.]
new pivot is: -5.0
multiplier10
[[-5.   3.  -4.   1. ]
 [ 0.   1.6 -3.8  1.2]
 [ 1.   0.   2.  -1. ]
 [ 1.   2.   0.   0. ]]
[ 0.  2.  1. 12.]
multiplier20
[[-5.   3.  -4.   1. ]
 [ 0.   1.6 -3.8  1.2]
 [ 0.   0.6  1.2 -0.8]
 [ 1.   2.   0.   0. ]]
[ 0.  2.  1. 12.]
multiplier30
[[-5.   3.  -4.   1. ]
 [ 0.   1.6 -3.8  1.2]
 [ 0.   0.6  1.2 -0.8]
 [ 0.   2.6 -0.8  0.2]]
[ 0.  2.  1. 12.]
[[-5.   3.  -4.   1. ]
 [ 0.   2.6 -0.8  0.2]
 [ 0.   0.6  1.2 -0.8]
 [ 0.   1.6 -3.8  1.2]]
[ 0. 12.  1.  2.]
new pivot is: 2.6
multiplier21
[[-5.0000e+00  3.0000e+00 -4.0000e+00  1.0000e+00]
 [ 0.0000e+00  2.6000e+00 -8.0000e-01  2.0000e-01]
 [ 0.0000e+00 -2.0000e-06  1.3846e+00 -8.4615e-01]
 [ 0.0000e+00  1.6000e+00 -3.8000e+00  1.2000e+00]]
[ 0.     12.     -1.7692  2.    ]
multiplier31
[[-5.0000e+00  3.0000e+00 -4.0000e+00  1.0000e+00]
 [ 0.0000e+00  2.6000e+00 -8.0000e-01  2.0000e-01]
 [ 0.0000e+00 -2.0000e-06  1.3846e+00 -8.4615e-01]
 [ 0.0000e+00  1.2000e-05 -3.3077e+00  1.0769e+00]]
[ 0.     12.     -1.7692 -5.3846]
[[-5.0000e+00  3.0000e+00 -4.0000e+00  1.0000e+00]
 [ 0.0000e+00  2.6000e+00 -8.0000e-01  2.0000e-01]
 [ 0.0000e+00  1.2000e-05 -3.3077e+00  1.0769e+00]
 [ 0.0000e+00 -2.0000e-06  1.3846e+00 -8.4615e-01]]
[ 0.     12.     -5.3846 -1.7692]
new pivot is: -3.3077
multiplier32
[[-5.0000e+00  3.0000e+00 -4.0000e+00  1.0000e+00]
 [ 0.0000e+00  2.6000e+00 -8.0000e-01  2.0000e-01]
 [ 0.0000e+00  1.2000e-05 -3.3077e+00  1.0769e+00]
 [ 0.0000e+00 -2.0000e-06 -3.2200e-06 -3.9536e-01]]
[ 0.     12.     -5.3846 -4.0232]
[[-5.0000e+00  3.0000e+00 -4.0000e+00  1.0000e+00]
 [ 0.0000e+00  2.6000e+00 -8.0000e-01  2.0000e-01]
 [ 0.0000e+00  1.2000e-05 -3.3077e+00  1.0769e+00]
 [ 0.0000e+00 -2.0000e-06 -3.2200e-06 -3.9536e-01]]
[ 0.     12.     -5.3846 -4.0232]
new pivot is: -0.39536
[[-5.0000e+00  3.0000e+00 -4.0000e+00  1.0000e+00]
 [ 0.0000e+00  2.6000e+00 -8.0000e-01  2.0000e-01]
 [ 0.0000e+00  1.2000e-05 -3.3077e+00  1.0769e+00]
 [ 0.0000e+00 -2.0000e-06 -3.2200e-06 -3.9536e-01]]
[ 0.     12.     -5.3846 -4.0232]
Pivoting
interchanging row 0 with row 1
Pivoting
interchanging row 1 with row 3
Pivoting
interchanging row 2 with row 3
[[ 1.  1. -3.  1.]
 [-5.  3. -4.  1.]
 [ 1.  0.  2. -1.]
 [ 1.  2.  0.  0.]]
[ 2.  0.  1. 12.]
[[-5.  3. -4.  1.]
 [ 1.  1. -3.  1.]
 [ 1.  0.  2. -1.]
 [ 1.  2.  0.  0.]]
[ 0.  2.  1. 12.]
new pivot is: -5.0
multiplier10
[[-5.   3.  -4.   1. ]
 [ 0.   1.6 -3.8  1.2]
 [ 1.   0.   2.  -1. ]
 [ 1.   2.   0.   0. ]]
[ 0.  2.  1. 12.]
multiplier20
[[-5.   3.  -4.   1. ]
 [ 0.   1.6 -3.8  1.2]
 [ 0.   0.6  1.2 -0.8]
 [ 1.   2.   0.   0. ]]
[ 0.  2.  1. 12.]
multiplier30
[[-5.   3.  -4.   1. ]
 [ 0.   1.6 -3.8  1.2]
 [ 0.   0.6  1.2 -0.8]
 [ 0.   2.6 -0.8  0.2]]
[ 0.  2.  1. 12.]
[[-5.   3.  -4.   1. ]
 [ 0.   2.6 -0.8  0.2]
 [ 0.   0.6  1.2 -0.8]
 [ 0.   1.6 -3.8  1.2]]
[ 0. 12.  1.  2.]
new pivot is: 2.6
multiplier21
[[-5.0000e+00  3.0000e+00 -4.0000e+00  1.0000e+00]
 [ 0.0000e+00  2.6000e+00 -8.0000e-01  2.0000e-01]
 [ 0.0000e+00 -2.0000e-06  1.3846e+00 -8.4615e-01]
 [ 0.0000e+00  1.6000e+00 -3.8000e+00  1.2000e+00]]
[ 0.     12.     -1.7692  2.    ]
multiplier31
[[-5.0000e+00  3.0000e+00 -4.0000e+00  1.0000e+00]
 [ 0.0000e+00  2.6000e+00 -8.0000e-01  2.0000e-01]
 [ 0.0000e+00 -2.0000e-06  1.3846e+00 -8.4615e-01]
 [ 0.0000e+00  1.2000e-05 -3.3077e+00  1.0769e+00]]
[ 0.     12.     -1.7692 -5.3846]
[[-5.0000e+00  3.0000e+00 -4.0000e+00  1.0000e+00]
 [ 0.0000e+00  2.6000e+00 -8.0000e-01  2.0000e-01]
 [ 0.0000e+00  1.2000e-05 -3.3077e+00  1.0769e+00]
 [ 0.0000e+00 -2.0000e-06  1.3846e+00 -8.4615e-01]]
[ 0.     12.     -5.3846 -1.7692]
new pivot is: -3.3077
multiplier32
[[-5.0000e+00  3.0000e+00 -4.0000e+00  1.0000e+00]
 [ 0.0000e+00  2.6000e+00 -8.0000e-01  2.0000e-01]
 [ 0.0000e+00  1.2000e-05 -3.3077e+00  1.0769e+00]
 [ 0.0000e+00 -2.0000e-06 -3.2200e-06 -3.9536e-01]]
[ 0.     12.     -5.3846 -4.0232]
[[-5.0000e+00  3.0000e+00 -4.0000e+00  1.0000e+00]
 [ 0.0000e+00  2.6000e+00 -8.0000e-01  2.0000e-01]
 [ 0.0000e+00  1.2000e-05 -3.3077e+00  1.0769e+00]
 [ 0.0000e+00 -2.0000e-06 -3.2200e-06 -3.9536e-01]]
[ 0.     12.     -5.3846 -4.0232]
new pivot is: -0.39536
[[-5.0000e+00  3.0000e+00 -4.0000e+00  1.0000e+00]
 [ 0.0000e+00  2.6000e+00 -8.0000e-01  2.0000e-01]
 [ 0.0000e+00  1.2000e-05 -3.3077e+00  1.0769e+00]
 [ 0.0000e+00 -2.0000e-06 -3.2200e-06 -3.9536e-01]]
[ 0.     12.     -5.3846 -4.0232]
Pivoting
interchanging row 0 with row 3
[[ 1.  3.  2.  4. -3.]
 [ 2.  6.  0. -1. -2.]
 [ 0.  0.  6.  2. -1.]
 [ 3. -1.  4.  2. -6.]
 [ 0.  0.  0.  0.  0.]]
[-7.  0. 12.  1.  0.]
[[ 3. -1.  4.  2. -6.]
 [ 2.  6.  0. -1. -2.]
 [ 0.  0.  6.  2. -1.]
 [ 1.  3.  2.  4. -3.]
 [ 0.  0.  0.  0.  0.]]
[ 1.  0. 12. -7.  0.]
new pivot is: 3.0
multiplier10
[[ 3.         -1.          4.          2.         -6.        ]
 [ 0.          6.66666667 -2.66666667 -2.33333333  2.        ]
 [ 0.          0.          6.          2.         -1.        ]
 [ 1.          3.          2.          4.         -3.        ]
 [ 0.          0.          0.          0.          0.        ]]
[ 1.         -0.66666667 12.         -7.          0.        ]
multiplier20
[[ 3.         -1.          4.          2.         -6.        ]
 [ 0.          6.66666667 -2.66666667 -2.33333333  2.        ]
 [ 0.          0.          6.          2.         -1.        ]
 [ 1.          3.          2.          4.         -3.        ]
 [ 0.          0.          0.          0.          0.        ]]
[ 1.         -0.66666667 12.         -7.          0.        ]
multiplier30
[[ 3.         -1.          4.          2.         -6.        ]
 [ 0.          6.66666667 -2.66666667 -2.33333333  2.        ]
 [ 0.          0.          6.          2.         -1.        ]
 [ 0.          3.33333333  0.66666667  3.33333333 -1.        ]
 [ 0.          0.          0.          0.          0.        ]]
[ 1.         -0.66666667 12.         -7.33333333  0.        ]
multiplier40
[[ 3.         -1.          4.          2.         -6.        ]
 [ 0.          6.66666667 -2.66666667 -2.33333333  2.        ]
 [ 0.          0.          6.          2.         -1.        ]
 [ 0.          3.33333333  0.66666667  3.33333333 -1.        ]
 [ 0.          0.          0.          0.          0.        ]]
[ 1.         -0.66666667 12.         -7.33333333  0.        ]
[[ 3.         -1.          4.          2.         -6.        ]
 [ 0.          6.66666667 -2.66666667 -2.33333333  2.        ]
 [ 0.          0.          6.          2.         -1.        ]
 [ 0.          3.33333333  0.66666667  3.33333333 -1.        ]
 [ 0.          0.          0.          0.          0.        ]]
[ 1.         -0.66666667 12.         -7.33333333  0.        ]
new pivot is: 6.666666666666667
multiplier21
[[ 3.         -1.          4.          2.         -6.        ]
 [ 0.          6.66666667 -2.66666667 -2.33333333  2.        ]
 [ 0.          0.          6.          2.         -1.        ]
 [ 0.          3.33333333  0.66666667  3.33333333 -1.        ]
 [ 0.          0.          0.          0.          0.        ]]
[ 1.         -0.66666667 12.         -7.33333333  0.        ]
multiplier31
[[ 3.         -1.          4.          2.         -6.        ]
 [ 0.          6.66666667 -2.66666667 -2.33333333  2.        ]
 [ 0.          0.          6.          2.         -1.        ]
 [ 0.          0.          2.          4.5        -2.        ]
 [ 0.          0.          0.          0.          0.        ]]
[ 1.         -0.66666667 12.         -7.          0.        ]
multiplier41
[[ 3.         -1.          4.          2.         -6.        ]
 [ 0.          6.66666667 -2.66666667 -2.33333333  2.        ]
 [ 0.          0.          6.          2.         -1.        ]
 [ 0.          0.          2.          4.5        -2.        ]
 [ 0.          0.          0.          0.          0.        ]]
[ 1.         -0.66666667 12.         -7.          0.        ]
[[ 3.         -1.          4.          2.         -6.        ]
 [ 0.          6.66666667 -2.66666667 -2.33333333  2.        ]
 [ 0.          0.          6.          2.         -1.        ]
 [ 0.          0.          2.          4.5        -2.        ]
 [ 0.          0.          0.          0.          0.        ]]
[ 1.         -0.66666667 12.         -7.          0.        ]
new pivot is: 6.0
multiplier32
[[ 3.         -1.          4.          2.         -6.        ]
 [ 0.          6.66666667 -2.66666667 -2.33333333  2.        ]
 [ 0.          0.          6.          2.         -1.        ]
 [ 0.          0.          0.          3.83333333 -1.66666667]
 [ 0.          0.          0.          0.          0.        ]]
[  1.          -0.66666667  12.         -11.           0.        ]
multiplier42
[[ 3.         -1.          4.          2.         -6.        ]
 [ 0.          6.66666667 -2.66666667 -2.33333333  2.        ]
 [ 0.          0.          6.          2.         -1.        ]
 [ 0.          0.          0.          3.83333333 -1.66666667]
 [ 0.          0.          0.          0.          0.        ]]
[  1.          -0.66666667  12.         -11.           0.        ]
[[ 3.         -1.          4.          2.         -6.        ]
 [ 0.          6.66666667 -2.66666667 -2.33333333  2.        ]
 [ 0.          0.          6.          2.         -1.        ]
 [ 0.          0.          0.          3.83333333 -1.66666667]
 [ 0.          0.          0.          0.          0.        ]]
[  1.          -0.66666667  12.         -11.           0.        ]
new pivot is: 3.8333333333333335
multiplier43
[[ 3.         -1.          4.          2.         -6.        ]
 [ 0.          6.66666667 -2.66666667 -2.33333333  2.        ]
 [ 0.          0.          6.          2.         -1.        ]
 [ 0.          0.          0.          3.83333333 -1.66666667]
 [ 0.          0.          0.          0.          0.        ]]
[  1.          -0.66666667  12.         -11.           0.        ]
[[ 3.         -1.          4.          2.         -6.        ]
 [ 0.          6.66666667 -2.66666667 -2.33333333  2.        ]
 [ 0.          0.          6.          2.         -1.        ]
 [ 0.          0.          0.          3.83333333 -1.66666667]
 [ 0.          0.          0.          0.          0.        ]]
[  1.          -0.66666667  12.         -11.           0.        ]
new pivot is: 0.0
Singular Matrix detected
